115792089237316195423570985008687907853269984665640564039457584007913129640423
256
65645
22425711
8618756471
3533190593475
1508739436910975
662665417360197651
297118307867602407311
135333333867335808949395
62413100154242685095985215
29074435044808768301559323091
13656819424543444774610330983151
6459690399524326173315387946973715
3073600675638758067488752454919533855
1469940259095844564746486167560418626131
706123154549490370544282677186321422070991
340529043169622092020391203564321658349388435
164788023044960654236952076931044650518327312895
79989219349640529778711477757596935112350573954771
38934389312648550234013904815959216510070944911174831
18998243051624994479552363042082596307546101302747425555
9291167250076354546017353079586485499802345085238505178335
4553193240016767957208087228829211082907285928306600857437011
2235498265962237529725207130215216160610446478345443540678998671
1099456291042221912690486034961442394048350737294776722312616797075
541586538887019225100881962007208161025980325522806186921980669386175
267172439776223028336872489208722353710328824460118208179485236444880851
131978371185457845422746483792714904021850044559152523371402044801303846511
65276904684898745462899588422471614110717491826560360995527171784504080894995
17975363043939142612376138700979479566698547044706593857424341949592767314398
105374007564118625259339587277765542856563286714775969404941373583605447518282
35560471443127228540317932651089189497047570933016567843222624965190168353845
53459294031303280260063509207351906675594474134402448060853560205161786750896
76928593201169610637229162458001230413007513402415762096850939681062586188860
48241255289163691463318802328589703470018069103694582305240791427518212343330
45188930549507704293030345927329379058747897663796569050618823305526817890960
25451957471292676735362888527488309480681922654479489037096735973037260276842
74295307200489034117831570854431150314094344537091888845511877260170463219199
31494392581019297332816509120350262399225260140739801183152095119864172100395
33145926069845258457884626922311575562146845999366097661710028553848338677284
7752464332939938221910961576541879639783524147016722490806707059853422245369
1992384135926067264064150943633890965428836555385199993879653732354386586053
51391817812642708881490855297407182602375944938827183031699563323825066084150
69971437551670181163422934893307260768593111529252432949902695719412981761983
22194739456544386922229338762059236085781242740808630724003645405937558527828
113120728530049816004668628573279146716991865287796583544113471594413226856022
51288172898376443825028776193012796407288865110004280441712658022052518457566
110105294917719630146698401755657396022581989416315572473356584422917257352773
12878155655916937860258493715865140666464505695172546823349444262742511240718
59830822237971474310427281020806001547853123657217684553547483366867764804792
113688082338099888912410411831706298099862644550446908948806579641308093557600
38451946426370758105380374952773893654036374373497768220420687785790697500028
5976021197466507199952715153659313066433264543259568030484940803544223705445
38898901345756863979495847231601506473879879450680184960106657592150510417226
49195319147502103572590980060548448975064249277112796840740437672490320675283
97086005345923109782961916136145316716482358730747365154557041920477756601886
26235139433843334796063948270496709089817507154572674184574384383225459923089
80970710531323019963669528719450151079527446772738077035413027783573078844735
111017450397452268226828364542023383740521064128400035962295131441130081095988
3276217089997697949676179147596954704288199678633340494334081711860773254545
75014729795844634955761907207887700000155477204595892691678092987229328286203
101142811023497568269493365748749443268492271889380794047820653544854232088497
55736082308209825541933349438515322986177138918897321895360730790930122039588
26298646131405923756421453408563217984102656975074643687089154634298003013283
119745073487886330610046374854885337090335993119162619536387610094351598224
9786077621464999917440446599665505059931454813541049614876852494919046866911
67272175103537755334854498104176578622254591571864943012904928960748346243337
12304773711290413317459344769215116956390318907176193597604704356439118515166
95930756031928261702769408726718405467708781836736051994786341562103224142992
23563959206854687907503159211354771508044013124031307781460304707353680028820
38987645426386452464720210280145733708030638754062315362465023811169691500960
45208756152113043038900791431497920219870658673941457117036255773915536370307
48165477291304057767082979472726959957911952051525444864403240091185238467205
115017277021338037562708927263995248606713339480741022082029428957139114017077
79708191649346904713171691224771912193809366790665300922700896249145252424857
114215356674614052093743857155315500695987288672534324010552535021367773152491
111022565572714096479854086300412650657448515605193338292709165854615501768141
109858591006651658622743937368439957802673183289386916161608194973683456457804
90885375149247558203281974454477902566425542714906158952396707177739840006877
113420826039575888765748809836531866987641915118191673760950517242816134366688
9551889101630914825430152668258538206870823110094549239233452661722919729026
110834243202034107805459719672156488462782530974253257728825471130838142599123
100793804637417553777633425206489145038695710393684730412687213475707357633705
7947012394298816290162980335243719770105095745550969028287899969910140367215
47548681320424606453348612780198933773327061528326994574801798702020750207405
112484913898919657979099461512100187311025192443689418609675052347071377124000
87248149705961102412050136008678064691527124822864803058182142593445633808757
50520250825787361307520649413618667860794420334462696474821805323615354383217
85376885533316728435871799647958004926766410765471181117712743028556898099564
32013362344080087394145275739355739902659626393155996490862354423373690007649
17475736263506078921722608843984009234064172915972550563700061518786934844091
22760461400366447927856234567257257268825983065559270832680712771671948114461
31531647777513438963637931318296828958022104551334307339678213719084727017974
37338199287048468581265529102808675398683278317061756821821211777390378459207
95240701060241211455334237512327822487905953248835500529337978185247658825236
44109543699335815779114337135266843535273265972273573823037169882650498492588
95671273131432924950827657099343711728803828932443863580541950613346473251809
61493866613770020882391956924053589985765713934764974552633545409172733231754
37691292630026190485059775803780160857325265264849449008632684130142677539507
106001501586740430364942289032996361498063747576237425518311495215958816790312
87766607703852800637395935574500809266489168850461152794881788156493711597490
37617395845868442472972857577494312122546979360543974616303936727458040615296
12636152439099907280278665438723107462303690350264241969332653040270531068086
87598307012823337753492372412771519797340381260383110276058717734266323690272
105242739227089036653851069295153395023944992344139938007894174120617388445178
82375321863425913533206422395274241545967789240137237227971939045835401861048
102872986080962058820742059550739512021012222330513595902397993924210483861031
25383727225162071211378509358243474458397335319255697363440515164359019333893
63241035197176789444216510435606797286400197205801732434975869103586343980795
19187759603122152516546689084644221320038445243528013697318973918399929589827
39485437967540177542243780725847755539733283524993297006760180267449210201442
63927994550787951596206644670605784908238243450806990956802844245199177904636
115507111138540880340753991158430883288029060069060253560977124852805819454311
78662985934446884177792607640945317353070098308023309021389563470665480346616
62714603100138400893697956976110168827872329021418511595064363087579478066045
79583107309679938475023165759097871300487870444394004282281062527138291360443
99652242288017142203125654022769093526150318027100896587065527046885613168063
106624333795391447238312902115142179001642889994409487986875438110116332758183
21235530649233041685381386929932564060613019092991099182641223108132386701269
101005217187593496517969242999177216716479003309834197238144071283673331732174
5540283975846909774136584907434904282068790944266331184030764165004539627033
50415811532496599921085284750395802574279593970738100659258682804467091807461
33614739485104528253926053591499590094187032654311550578986838064250843081025
95884045181172530448695966947416555245602477465816472566208368849576570818783
81232750844608055488090933680581126145304390026280099447291768001218029005576
7592838732414979145010321733010917172912551898208989991081414349422561537944
62608573757533310393831794392045401631707308975398902123451496344024242506442
26883314955819097556130850731492295352064425711449328360209873596443523025324
26946501223210635669378532309332931962281820892543131112023239155148016128122
93759194590833601103113209361215303007967994731824688510596410789061986091097
35452500935326441504321057709976109238523773473248360644461068228007629857073
15974509799102335211807605118874744391192900716349149018775642443332093515005
70021307128277377954360762513425975451702910022771711129472521536109715869185
88496212053192234258103936004806402709058802169509087760479380560426948420967
25530512577932662340049138334680505136210175362593873427626196374836474402263
20726091742259348311879149161455406758562523466817484952544436356344253017456
17741330719891317980102658108836157904390850909306985135841065988105973692133
64375645745735300952198357726404305428549592993164549939631260120749034069250
75773429513647724461252405864631277099718948016973939688519351299091337307388
84945359558574818814003014224806208025178400414078664953910677257493646026956
79302439700466469946805652839631817508444388912997500357698585264420966731372
22291473794707991953505245321507158382166610009108263414226812616345844488001
37982343923623749194331563577729265333850256238564093690056537687266767598280
110405358791722167949613075917337863110161220660079749019874539864538265411241
10235194983619415293545681010193714020449545746421094760215576087453862397909
21934716539487295168689730323156440925768810221274136199608358606249447653746
101543005569516972698174531972244802659387918336480489363520151164435230155888
42504369449352271934848970608185487397989713458331670073963962528374188927493
109756449836863196178339750668731691434779822775106006870314135038467649492536
25804190149699025544039010415984158965500191956696492486401670279875549573903
39698011827862818293437622389360216013609632643237042107440499359912117405952
46435498035653916664840040942575538821974741707876192930358857861407012154844
20887046284365114795499030859233073096621829355652020091528301980856735228042
54624034775807287534352121429625677504058183851803252468374920072433140184508
89220104203479129794539956235544732463921711717515594584593483081949567613953
53779342486807203407738871452858568921652554740967589629599828685269199499324
104178919999256114566692393328576317155491702850337210921097610986897195601922
45460668775077781809821678643545111508313608677750454558202565960189636958638
72765029014630596126920878120731645039105282802884234081031268388873695533343
20708059578716973289716919581245719516322672307475261035863037072889035850971
28040019422322107818169304491573688606057918428680603509952616946540664090734
50623182531209076377757601780161667938710174709468375539943792672879915543242
30717144512226609803696028054768446130954592838508008863034402963365999195962
25272446548965122722595882129140688824599831329807028053975013417534127562209
73149905210995330249761459575247761861212908117460065057609858924661286065039
89786635035387824031204041863411400872756034021587410828079736731815843887605
45121455731996320936273541573454414009268665820015556121228038025692801916181
40184995210122299657863382412439902043971678712765491035097855839200189391744
99931375048502085621839170588757974825702239117634143301771209239419438754890
59183259993874783441308799759486420179509389738380901726472954687644128632026
64341959828553665516227741242533794633672558099343676671414051235071987571275
45756378441446139746546912606167124236984583216845084356307230866078009182545
82734541160173796069520857716121468117814644494452262582253712463203274772467
108537711318394525491549430455914265502581239072155812954918577548783832878223
22322079821594270826494141992808536153779424645072338341588908124594749980532
80162540018389171375991473566138034183173424351636649071532392353434641520153
30215932381166184149600390495930953454140091442103417436850168807009798081496
67170489430457244111290413355601775702757000585324194841214986843083044104689
106150605680997914007423240136259646490087130638376568558335895916150089475072
53506782243544081900068469272701213444742513584010922164539205026830590623368
80322894525461441482028308887085830878409640015678728922644960723660673417994
104445186486544846001208877162927024008949760995448503751216012843816027821972
1810072420422985408637404390569160684472128307696627594950832629861136883866
34353469345702977927869680012987693285443271431034495462131908792659119302618
98785989090922652779664058442297991578547272721161920535636241525789007581880
75966098980923796253719515045627374864888159622529233626773921237937474425425
14854650877364379758375951495324174165982322706727972699928293144351795437568
108638433636577364028901033665975613731712226643186875909438626983612376005420
74302912893986147528529423452711625269476123881647012038467599061595234033522
17508756447092026032656319358252505050711295961389477681920813762906996035109
61494807268894265800682685982874271303744792608122530995049163237132519548840
14254652541256699991269108671834867708904476773171117168431044851622930173017
73169525328247416905761748168393687633310082391847451376399971968081862040891
38933728212234876325683325584972915986554231016257789309235530032542041392502
52188367696704731560293946640777148043425926429592943431571341442561011729702
52982254427028381143089278898581521133470381255761357196972762015542591132757
81117549238946767841486148898213772914312072717561160001746320020738519551611
53794197590988069884414160952853706366104031068964842102210073394428257107618
32784774511395930466383945057221956522190374476871151110614937167784247151981
57676031696512634369020651626044895933463677123882539598254134647058015369448
15826981043053110612077901555719961779102563192949767050878902899751276117178
53665871309537276394988365259750088179167186633032565205198326185304320550039
71248276334023171433065803574717070142607645880870151965771672560495734089923
90576945386001312869106090576968295192594780765807998177935665067448382173740
112666325635121235833876858999872485059560890705459175799314387776397954414093
92940006186481571845071740322065082747922187214377752093986333602501662016200
2747836474250119824620131239620377681419908021502332651939167306863105679547
17362299919805977212399221432283564016308332496627648771923996199701102581644
80635336137877147439059912579379970561408325803486289166974960337453700503452
25270034054827801981882357092097908567370033408743714037659383465238767583928
105846932132779126314833012223871999518594670580760874578652586932229274685726
50956980929170562121126602343990687142008060437699374847334820952914885139877
111174787631479728250594404590586871003234493612141112042174138994305463561665
47039890794703082482256951893059457266466526049137018791536773200403296048184
64366116668977244034477474947174727029585757250054678733749078895489175028615
84351332741053839640547898917870163912048926717281435719563402665108190315085
50730363664577800260806482687933501122704435501564858439467809784349729576968
16211112236739772532842473647225589783788579885763399335046901886833598191942
61655700456482074458343610059897280738284508300228170111789162881974942215676
61207133267287138195748007797546583173230323186429240954595648829416297774229
108064061183841200486371834440172658784273324895089425710726934266487452734444
53030288397636091501028275305920509033995568164547475545842840352407484341087
28134954873396855386092452610308679175052679094437305406429413159702925682664
68641707531952991138299564494244428678531356138655211864124089574298801606128
13837272493732602623115228964808989450331095175693308422080421882935616549070
113602710482189729219580452505693534346334986409912119625215213356217861338081
77151534847708177811987733460361643588852879345258686917353331038287873420998
99952779783971051455889892251521187371030679499474011181088219321497005691113
99093720489047711071510244554567775235599021473774928441668459852000865853521
25610847319926606807819894550327846152561875837931928903156719951728228255963
84077784748985560203468312613365679458295752067436750839349186900107002743593
34937731687428853596562600927639321955732298184100849689695733175179070166993
112822210408196573774501517064442840937548131308341170140307923877648952120138
107811823558179760170920243518797531444956488094276146170655584654721766063859
9841161249146236895624719701441410191394579601235505888688392297809988197854
76261410861294825196541565197777136473377770508089936374267023174699175418128
12761425615645776576314790625429906476735024736350224474651876049345400897191
57166936587806606052227004133973254371015038360445083378226252458052474870873
57162219185767462867651583152212679685637386085023883717379233642437653364453
23553849985578020142071159216576411975079115287510323038579032556340987649291
53646178952883075519609895862658560609463312282303607048950356432119579895390
54592904366040712167272891910492775419120371554834792810386253999272749736229
35307329342424760685407236936058942878790341756735552639001982329029118891486
64992909855749229170946358652826162485322500946699066469209813071329756109405
32328457128510948295267832828338292907118061601565898378597464338833074383979
76482435396846160024974974792304839280224698497336388330026563992033513208036
10192863178836983214830476733567311075317326259929792802688255803368836815042
101712557120258180229477108214676928208554078534752991033241036578186556951969
33583088611179128117788066752218435030514310504964812184275127667081038397745
53986848061568211851356148021591169020026067921473969261313159726193684270021
48513428339817135766979813298016033917814668646828831316195673686157402105807
90167158271828279754860813552117441453932937344636587060590890848058025242188
93593835415240869893855305599180668024034978105036581027078282376510329790525
36650347476770347011971886460772490599347911829789886900959289463634113187325
88092607747315417759557904317133056073878968035798066553738123248147996905935
81095815902572022087046863675450985089630271618148268968314115108144128619477
53946244484129437448251495605549471367199360139604972796092723667349513963485
