115792089237316195423570985008687907853269984665640564039457584007913129640423
256
65683
22444689
8628287113
3538088301885
1511281133807233
663983950751757549
297799696888618004593
135684180408955167405165
62593371356162079205605313
29167031670532491251512068909
13704440802258630518635853440273
6484241119181108757376791202488045
3086298470787763960837590032908077793
1476531744988082062982011933988853162669
709557828850825000103837037745488644623153
342325376549657815920399117729863752319868525
165730701595258589877058345348801080627817692673
80485402877667581200123943744435795340073008950829
39196221404234574177853990490018367272233712503313233
19136694008468327590181487341125118741506887194337754605
9364493004642552018247701473503859991100101622573773617953
4592072030244393212914084340382443713237775061573556346665389
2256127890256795284034683423730676805014427135188178227284870513
1110406951069720169372930021448294171616151460634300085720166354285
547399930963657221439263758404758046624204534678054875260769650221633
270258116312363295551080563856011886473361065774090316309146642819458349
133615615128642040897568884768503314270178902966040329234021862225043054993
66145159004427096655059040657166276926385752566119598576370071845712824675565
14952171749843416355649129306177211023615626065558594470291266651189897632004
39821715038216965194845759693588164532437929874893212342138574727881580255285
79345604953120375879859015115363026769431797334217833301914122037473883743437
42047635323266992178117332806368329178738653781629423601243141299788823841656
51581172500791285268636379975700532880023047341283140448115338867743701095342
22024623589446649675861854393724959738806170938581588875585336766459289262639
64864497323278124029205219077290258739076759579219470962957968029871392547416
81114364072832418412213233537557983286699355079260437441289948566577168501941
67084786333011637132661224962871171194945416239558225264298979465577046115116
100158388163159173795029258305135775245804974266682976829034194240831931072354
62704572756501101978275730244770200580917884820675165244713080989916570722064
48972530396917296214002369203797032900408359156730007905930167384555009897428
106680009652917743349374984770842057960314547583044661077631195267853069381657
43033353548801876339030666639828168239809627367072667547531045128433365936531
22840983475739651051757382426419973882389931829040421622784942503816734528762
53394537626371942676000401306642385911161518826514229278897936056103045118493
98448851787428020999360080682673989639686197220065986826311428079897664608018
22187887591258596027655414268365176062371130448229821581406832777426401153789
3130647096941128181807872707393260136524635985899300546484986274361378073163
109744745146973618011613423822454123233311406852222680796521488988578351675500
65932131809056041673426715263198187494889100002802283032235582193172021450831
28353224317614579032553471125193552089267315023832591485277271642627081319466
49223973629382228367126630637035470432550942998432199387605379882847232650781
94805176214446522193163924879937194015584218797961172677686664114745964517146
115334854263027490315827566093005791822026243780895875255688909204898683676100
48694875784228300697531000873870174293332616677512535199961190425970910112393
90272096909738306763974161820070854382761065249753411958501953060100755421459
69993024086465912530349467890655298259259328689812157217775274354301213255794
27803799203626225627649412748874808806539209192847041227474803569446451967123
36099466272151983493007956394038527300735888491520225628796218397899852733195
27878189613640143742493411409028847535799937615354231869959638156794953143787
17203705622495496380770969063580303536701911238870821457321028214014108390129
100394515684345889200422149749900920372442080908999986506708394771227422334916
90191782052262933753033628860216009210509240058352450425340341490721245573409
38731094591687643016862956886001791974556382362247792413115600592757309700945
98943959133308505457743175326991026229827425680146706655306554155049650655554
106912004528513140810748290475378308842762894735040678444067689056907787781067
55764790443986572225772806507774313347290599516689503678441477628485885550625
45000102870301030000877829027281575065948829089551390335728749514556090851501
11343953637480243165883848464022131268131088938157879786480236916292176377496
111826134797239078289169593250842324384814989097884411723841757646074550221614
63728857614425157009402513270551831737374889753943379362869561502955727480843
51774968157403234445220234483049612593625586686658353161180887421357438730681
82930994916986701233876853242288628496554824498206881127417381424135256467430
23476337732323328268979837532041536471942664763578324189808717346704389876435
69797614091931446256169945594081347589261005274109936640514538415793135588912
31708288163835033845080765921742262894800769144104137348465114342400577316026
115048117965479852477548870043012356044523286281797507968088374623048479147080
11038863773132808337775395030548548441405900067552353256179518475018959433295
43908513081473275350345991955188405495450668783652455816714173990718334081844
90931339031551402319425583759342251089628054133238577156137630171137473169889
9835132022937379978599356694980528702553740043085435389562590339595304621936
56395586755710371712599822986096809792377678538733566134836350279591176496344
100993399092208328259958044202439471844709694749613749926086657642311075112931
3460624137216822211239699300758208395677442239413222996865384291396363574138
59148692987987596140933207306936192900893176685252440426419123986884758111660
21814747680580338434900628003941108446116655181804463738922657280407722641701
21051770972022729181328767871358955185070838777874656898843513051999339614837
91605868046363160821674047357303367973498559000307690981705975032688556567264
77717399133921135991518618803226809088602376275420549752923768974863048569074
43458907677623689465132346139040440976356510828401779259435024459379540317975
6210401346947658306834295698567392015285911902151271397717019942772806520005
83468383581842320066642313192986043240606687718201873641322870493311960475073
95040780712869082615462820122603502158757416305058967376230314162249719087774
27154972732018566824971111456741062528124226151042387845205361500097224287023
100247473451526564472058112139545561643178667724508411673620760515136884679473
50818839649291115792828377907935991525596677230347866865458180601488158253793
104409634940779667001402536321215086508113901994284064230796389399522377108580
17629903424350580319141541512315989898808908380111000696686970320489916524123
59450397309524240538366904337400916768626209600790926563848949825745144188253
91296371260143705829860226221541693317029769653013517451203303496493118840033
1879930455191956906118745720266736324028987930893058025274253125886756484459
1218284006366418515559079055494325663568373978498112515081125081503086329637
14193868660376928322420604681916767838915106196209315131977541638659014459754
46822277782420396650614679361319898059809894804483813358131819315863359225573
110675519583958612371603044202107141603093822143273711332144153461625188807293
48666851108808787888816180643296762673294094779751280494716361928990708030536
6211428725758974145486859990377085215329388461732944292740034011977890506394
11651909896900631632434365350354572208035680623152040509941012205692911430622
98588240109553248106912228168755632869630060040426393105364662216680805782583
30917122451472549758228239876106985567377272038979674508824381166093702730586
61930657202331507869350994547512494226712507421539824746186890321577489840247
11077634808308826766766301203189668582182809562799475644412111711561465958929
14135721900052517072805882197799706382135472483992422823326008373447424449275
88791894552779550012503544837208175228075522495055017958643307412973096278254
91669519361850430280874795063347552107773677932408573933598930970631991276546
5291006826752329863278134563952060624031926983172124907860762611619704262269
80935757173328445649641542356357093353798125906979105766856716334778179820108
17230210252065445731878113326514727494854284389294634415089756604222679393534
42702826271615475196299634388994263346921908678531498943427088117515983068549
89203232829216380532376016284409144920726419515413515000785823957755795769433
2050490601728978074462376642324814319254368946064432642038596802184020260671
106277055142105582294269851255998045695490562549623677560020217611082051971081
55423296396899516038400863652930721099781578869328493829559701536167394589720
22155791150049075575571896606765710878710029306938477015736743267021418000795
45877934895828505013653304005836598168896090477240884171410788631218968870767
92619470928435564710841887898927586063880999571134692338599430681728478111525
32019093435746363054643209120867257041773022500809014805962333634171383784645
66960619598439918116360109758073744883334082275456114619853378949650100267524
74685928426440439235536983669016131556094941663924227961880853914893318667988
8267065292838451048698418895608784154300393898550310709149885832827630737017
102403749730355903884396842347314671856498121433377588370436953864400324639119
115396097238575200196917487475617982262512993191818095153939795859108241741680
72723536250461223189584527240389494944929236899694766796455068846766808567883
114154317800841268100022773791730081797853426006594049261635694708163335497566
56233465535166600799272054913200858082796725725722396633176142349081215538009
34453459696083199015949753704384943516633201522423991379033955259108991857954
72295525257747622403854351223878332242172301395478818597972708035753114277583
53129357481945266008529537669256456245051026238391973388080013759651551935263
34063215609559604772293254162370015415689436684446085642726373557663529990882
8997372238061490163369213661392785724567170768243627417512197034749831647272
79496494017319551413900905229970871316868028920780404121961227872625332124601
29944255752127271716145769994489047116259305513685904303081895699171399476200
95769046793703059787895152076970928273651641141427634545272160443460699537660
66986184112164925678742567474292222671214002259751216790267851221300939024436
11095430269202391368597878180785662757269276501978729059353859163661522150362
30230677826547891121696880020123617351109121246637149000961630646134409564690
50639827142369327963921998803943677681277604787455701142386639188308019247884
99115390113541247990506115609001766376962647979574423546892940562009384555625
103042409173688653372225080371694461071023845429409282686790689392408209940800
45655634044401861567982248014093541346947482105271086017611822580681703566511
76409168298593916423682733033658451772504454937055846890883785929665685928941
42539470111954007343767939781644358946481623620918135945849528006017769457715
54725967661782746626143037451675131157339671716369465285148540869209561710760
79288552130631611222840986892160446740710557411656719720165359249521420903936
111626372166436140423916241094125454144632986498753953993318109833112583414628
17086814056473448858762593509509175345214448197159092741628558018795380205715
102071224112442493479087229778910546642889096470940089070202412019854265112134
50540796879985445080539958939847910552197273829665671724726582484211608979256
88704683136172324352541355969824750958500522729253429487872660467462848296630
55836773211141305284118040618149458694237595414122955013425333824092182186865
60131048628026035392000801790741959113145132782871441289335760315039093648886
79511880082263322704048614409613345382686583927051979509337343987261636375520
43671662770309277846402521447163005383793318644325271498714997342684050083796
115659873781930414816056919736193956966021006474000278110547693913240560866021
21565531006567740622203559448183562571175008131556348171374143922451350415140
39727784365637509611221714610884246702983450058673963824366744499600162895630
72944498414659323612612456315386901713573939812777642490311187384542895125241
102874184589431384859851936585333915941787919173237857512670877429725790628287
103853050403662391113001978422373720269311351210802888970972710966763899221484
50730634947003598621419479415940381604618011287843611347787227479327048025100
2825054755466032860522520213502124389981264767559549674457507812749254161358
6231504552523222681916686978364717897309859723582757163478488335076414741195
77447198472439262303158499459383682680648056328466030793621295355432322232385
78826884677506533530796570833791786883964366720973314979935629841575281008494
14517943389274569182318670977643285022523231140018134864345960667723086016405
89859104260089713040079874164144741316615945851318719257170984523182131222082
40197048688155797880069747398995353192417255594652276236325941814227328278309
30665717790460332208455403859548933677611991721898860191760121035479067685154
44340054583789095307019248250656088976090855142259563476447920170785364645480
42801103558101533629485869144242975849362788974702621121821768770924429349462
73611743534501368490613197450958163566355983662288647509496780759402590500152
94224907114825616398061405559666005428295221381874392182456754352678513165278
54742293209244255542405129374532136827702286982757565869313874779445130010771
15858708032107662312353623286432883856653794297763020294668610206015844032716
25380919456412399174983605602422279731418487767133834478686320059023144952152
20520985459646226848421750164606123271480371386587209858776553208411889468062
46899591688719701142008816459422504683364748446928771203415735308217175832369
11489286237520417733972455393418792335901785549435000241746186585333187903312
23695816505373336341625639191435310228733710342486271072997762365654629527309
93007862587301835870091039338544955437792011344820643137800734279883331953279
52057378376880532686285344458291130811315888030926441666210185813321617664042
9283234637051479899690207230978860848684720527689701309652228031972620452595
17300845099778930594541597562719477051879431052326310291403819432618339869998
26638916031742143174786452642478994346244648197940194141055105291512276992239
110964505837232037232441925883524739006285331512732807046950696389012547643889
51405256357578034802833249045152536678026224743805506428057379538601263123503
92997652124450427590785860482424726320422188545727593064800306090236636060174
63702173029834410936568801230631071086603366839603708130361466035385829415842
109651095605084443671893029793173507824448901568386342790923344373762201433144
53673864585501520793761075082468339753447627694402017707910870152019304278202
113677986069107468512255402757616526069171154221575621142474869627521893675656
54634160347638074475413219324141293742742143775702639222425523729437369564041
41206368359588957802690750064819888806071157317637315736823873013977318420567
5637817193126343518712155576157123843297100633398972152112429735858396446679
92538923936238850939471055955569533317859205447936403308035309064448010512520
24271246701418214787291233205913534358181536227793841322189523235669129040726
108904016635781552884127154794925102240899425575926560646055240193090935274465
56320821910593859163668583434920809442097989887711623372288168282980238770409
34450990178584354528199365509837393671712580103959298223139088278669591483124
103685284941229204576423841564052635027758185000892844413446789057007876121256
60368252340456340060418094288623001649167655479392658188674397659094034091898
43913395861706089168155261868007440651003741960301493438005197781625208634184
96617708276267140444864663926810179059959466481608579778488639479860413515762
37526740149884431524516226258957198130286844861970816407856929439635946203125
80582304459907522977290227867070183962437928767468131967420267376545631932054
82624758849853412898817285885053212843005579686991353084341701352298193970647
351049400236698092756614205287559588500621653497059993182661287595482697154
62293936915917846689725240121275248078420859355387465931630811576024407486465
72767489717061001391593638029576671423327912661026070576816853110393788160660
69472099383896888311626371356411331691741530565116313191410477950577788859566
101415035130913092295334696325333518226234937696750807064174643923966483956500
104804911015514893656356205393946035374811052363352694307638241307497357640113
111544194354987714188488499793607247267850115206528586624579350616798135321188
54376351726638933031508374470915294865627027630740278189968033675126661469796
31716140036992295991160253132256008532633256369418212640128140912390434726404
9874091346071780023965459507328895863151817480046938962783175323465159883369
98513482078171274648418047770484660385555197732033315730686395987724688371992
32876294458950904269522442350505133433570018296128402415354539360962022022261
63862139774025534882798139998767809101556281869401824470165926767410154394867
70541159702196043480021844125154524105737795866996500933915553605278895132205
17822968282696033688553892487016646890407158510325990796478912473441621248718
70419969682699667729098033776457133626065738284888860884756076555368746475399
12487982315333003599951689788360681707794488228432415433776668084849962816673
108279934165062112669288582639752169843232410615683974471118405467231139425446
24092339094703944506670200639285748141448992719014108577000507580467173992752
40643579470468369579936949309910230579615760836047863949454939648489518674279
59956500463207436042014695534210148054120898518797058516108214308499731402438
93821870904795001607428387753191703180117923176168946187475822633634848854241
33109426995112757544405373584094247255327157855697283987828277706652101488109
33131099048915959120511160643913275932373066724056940454117767545786936991282
88228408955650483993833364741770488141378687130897806306347165488401627329643
112549142652248752147365379111300909432454214509309467121247886047651402069261
65893021316494842456481206204785051407537861078966428509511795444003796423255
33703860944235122678933470734488015730755595284493940163316767682470631535288
79629843246225286534575381477100718027572060603822270211597691735151873601305
49156180213833462813585952060388146711252576468886666042681787163934871615669
71788839358597979652118060982784283288617139116049248974742282519001078193219
50173651847628698918254767330500232739587975060983626509722192653068397748941
11543865200979402330907653624859192877523317772696567126985540494360779680343
90109920113935323966490501594751610017493641963856863362716905693614344153658
47091762316443536760332799101037976407712210360284074588572982343893594379113
55107938495274204964970922057288201282476892749099980039840403907756217314077
47422050599637223909928660520117471476149386038140263988278534376971842875943
3211933642558114395026855121122578393444227431987226620684380993275503336698
8435760077591596564086058586253348730249891360128294228509748466639205213449
97963767500204308972509090336448780541125794618194259652831393784790043035047
108275231472157768162647582617980962702300577045728178041848810761667645642238
