1000
115792089237316195423570985008687907853269984665640564039457584007913129640423
72881668214767819176119498513873440184103601086844346362313898640341541127929
62559795962137196074943041058953669783311392971574284414207859870321050755444
657483956836939584062632130714193150919859466584738332884394533966196135279
38469680351692031006581820994408543213613095756833460380480288488683135446672
108291449084905276340693786446157709362558776863851769926020566181493829556868
75634995040839706438085205366250737243831254033384256728073483076595780793596
11084457066497976301787281605003813779618722734619272023303986056011500680784
12981448445353806707311881062021430242222644160182628785975403511590857481920
14682365178538705074297833418009723573895365561257821125920998885708595483304
31408866111104099285320185040299708360870491643976416603109913949071108093760
20249521789006696564584730476510982602632826125329960645013664681519636873622
77452377753112571150659326562324995532934422280505677013522676354045702604620
105015298209663615000011507080983511243886236312974124172824779221315016661229
89689284685510750555982552956623355611215660258203252382690883034880179020021
105073881040836623695184842730782570557165029169981126168730769962896564212036
77684526842082864674007803830141111307104090561696154461899303986478511759031
37261745643162818549617652851343809100013666025792269513561948593182865001576
43711140579443541437278653024431603790136890884917192486943439426702508421881
53933291191820665855118163307682609241487371959645676805903556593158570309382
95062131542646305431949377328054445604136818918527670892941502647044274951834
75063182730399440626197941678426178863430618212029177838934148910229752402545
65037152647266761318366610701440237994559402136170036011920084510431832699993
11599744679199893842772468564860586811586364279588046666321754851109182100382
57183641584875892470755506892624975123859949798350302121720821179064855659445
77950365727037096883683749190851552638700288747913652038552508944460763533110
58851088535284600984358963211638211218064990624473976025436169657776459573027
51086653917973609241227087078941579216547602706231751712308391138097054181948
44352715117860844049662571583666918393010114169303258155300653129327839987127
30507931585994566929953743733445121223928489484663962512228737432750966993377
70299862182846652428827541484508332523841157405800924646311740206477999740750
78729851383708343809107695828522314696927601537574517679581594261114116313527
13439357128153946572356966117648625800852155433621795466760559604139590305756
68516185915046770197992172759268892607079714113039359447018620160997310972574
58170298285673017694727528634423493860888166208966035778570385390964849076106
4577425071396381670382518172534163815559170286318198806960113882320050271309
91256779487351189534230280553027422795504709818053061548805115876419670932215
26533993259090202599142315972061301850348614116718851637883527885783119833773
73009362474999909899107641794347629558886940612916879922592199383490379685417
59253829445482410139027440958937323524875731525993966781310916568770159354415
74843159825445422642296227126935864768830269626173943565845727169591686871692
38337399500325104369334511753441926143677066212344149974299718480673797212646
56254816716699265597211074377652020106280880791607013205941670166056868700390
111968751960703031695919425090732888677461511632356409925604578368289613553111
46664077371876831465331155148220552971226807132857584114760006406529535299425
45346338645133652481379976225409474920139815618080332621845774881726719441370
71013835853597341329005000722639927579550449261289423925780468454905960080903
23898666365941254313669264037450436682011522330848145385572314880008929253239
25650674969479622637552383522754147870663716401029395699727575724906262696543
42399281808192987001807819688513861096376679297781214708351716260245576593775
41351666100119974364876125123042156172934022878885060388158432770245126082114
38318603565757197448592059751776406612469249284690857512707557348905920164235
35705564283828520267512992444787868705455650742119306349331510970771411533025
114246818582471429140573066430001929368964708658787523734290556401023355822897
42137718029371637369325909885467964172630801887201128906840529456407691444970
34507416690124233669814188515372401375543699922544674657191923242424809866268
53618531494451439481947108441063523772287712818264728728799790362199371628478
85660876216056234578496156311031306656879503995278958257044500388672553248624
16052257977551573691766215036808494457735085994494983960440751121982142044634
52843688151505878105432202375615674053862105219961005383826101707291631715330
9408868901235086327368556688875833021880371169923221425902347884045402004622
27361022663021815131604205051322255078874294696157487906935389909725247731104
115774680312530366801172058704932101405859140523683694796446551690073846773495
14711655658381055088677953894754663773040652531844634470066104952445094473745
6268631629826775933867188517164550439433444562226990121991359343790425360398
6900218293883364137701878652267213617950108779969751097609162935241050975842
90583280058301149074741248312658975305391485093513629161117366617757610107129
81017486183295006999691237233527251106725895496725192415102249377211379049754
66905916997499190708921222081349673359399656683781582108887437605570082768990
86700337994377385399215881568547018024283181750511609054789272318736930854097
9453675788138848207982275350339955554115511939795169716711498342773499059717
71581819116180680676836985897843752519400635900122304439504438459514434293703
105086206468187684398256849392967329406632490346267076374055238687149770265744
32771050026295629180870011129630806113020822359647949869220527674985499421427
36170931985831747114672332633468044600136493291117103901315396168929451232740
38479917359751952725212700315630805313492424244510214889302859123947401077145
12152224736029189378559871328751696660874096328281421565568460902885968583974
112485836967164389077814080774005345360610115509849375309895373025687757327780
26053726886366643728478322764885853070319600677679947240373465251751889230705
32188569444639192963995549254089882943579797470451766474849965219738862615558
76211601607863675623893425001788431536210511944250287110285632826474507540
63677114086048044600472253830182289553058949966803827403507141571199269994809
18825956869480363203399874996720262921078397040844017828602512851603944216716
20714885918218824179456464786305376629983791815376973971560565897193258716879
93298066099099292754076112898689791618212098797117878674265575304129337501977
58342769031089569658371625786869430489398724252688412533571459384188106111849
82792921853327551418218401199524656535036376920713386380433701820046715327581
91338539587223690105879127989458708224758939480105154131378456539005627276366
68600770260849294054955898570297300065088638950954864745566689314030729521267
85092625347688223797506959209643288018196895436142639645864949446755740578032
27948820474693894631122785557746056913581366111332405554483311009846848868023
83712378540272928567091095790560347889949169904988540131541374576906761199219
100481159989969621011455372447554625711490310936831132599425056154687390145875
57749564149895000340166769355769417429965920746370104764527319336750788419351
77519958269911038848146723122978824717439693312211183115482915756406787594413
19950654949901416971196327578991132079910679771780262278428376624583436899657
99463180532066298591118040694629035742264436762681179314632809007687354179774
80000006949308490352768686807381403052134631392654826217097601825217584874406
59847892153783087083405077372454853092825558950604863543832412452204920162694
61513820266685814858877606883769983860863908578590497434868820219211592512248
30473003138603052345095421445705629546825255469336799292061207646372904605560
55063751453197149249314611198136953306081247443180037400212073572575381097004
7882356120737979772831792726090410903113607586844335362844044515276143831592
32217941324716605803448849426579123698548109581828409225474955594716683796390
48119623838216783822551320589842696599959975474878864855970066487587383390741
59736487522719285916177550284659975801010702157259472901031271430678255481063
11464915962147351723025796490428112465704599098351274273128937478193878731266
82557037100468313925237258512873123581720799622037986857233981921982164794723
100763737047435063894650582799711938459028057314525007228533384500984799411396
68102992994313901106842546602134821403582290327874616174582568923937789727618
101338972096494512338778294231918552750658932776895494955371462956099891115025
74732267010387914992758870923893396620605279682573313051667428067818676065476
39240112168273005906588015611805973678639196166390985838926925169333128614568
107552886604406165052088892328135789324121393595220650293166233760552453018403
26812313375454929858030745406377778484947104722876372033105880566093819678371
114095394295949603151728878562694482579230847712702347347917042336340250112932
51011621944302542623068219997022695179122566037457226374425487321575911241456
4383205613834604153404279326172321218649750264718481056372071255455829053587
12729159583246244473623058187846960076610282122669356373235625313992859150549
87557621685658668582273421523025195556558836174983426205517346580383014224631
78852174257385119602601939358936541750301489077603684403710542076605357113899
12594700417313074183767118891735189226641846071821697180807969634148590450393
68892749233367905410992688916313143306815639130089009908454840285222046575504
172049100346816117326841829603743124362925313439428873645973997710815407190
90930500772775990185258619765582069775749213589539751496685009910998921961346
5941533112520427049114391967791602754363881203993257357372748972052304592300
79748989100766173659116995869423462285616031545730823042932231142340834046467
17807189572094108151599584853249986714636618446550345492802925068717555937721
82813202141317395819460187600922470852360164222532275072318653452191242641482
49226178056463379790070806565220017737906125824806255249660471639533391403987
67855105985348329883062181173464897609471979759037418953255948588392269113817
74815497702974722327960410701213093625192119892448100076181096600857819359207
35795292846119113847874015245735667804682982920001639688211593252683673521591
73714139904200129778169754394296250691827355522957287913659039146000276161560
68611065228932720503824464261268617811994955038537978615557646346390975103221
88381873089569897576752211247434625647369089418145083012649847704423304371951
23418106324901207121998788437590153249393844888868936741037730834803507510319
38003629608049575723453154489145487570217567477303972759164963789604586485937
9858645896646372939499591460886652072587486174510652513568681700275391353091
44623584950302572472730729749873079565433160260353840650057532557608227306386
79697663622385890008250051587584933339680862216497955213878855253303622187984
105292868841260764432896605468079083866704834453908441600392574057600480382073
54558940260706936584860120115293917501923053039530811830419078385076938906522
29592405165796150810704349075303502964491628624162994980713187885933503167292
65948238069769100077855475951253388032808726778517687569719571495134354691497
10802976975467123561268059408038711827656571950176188325563087223996775595367
79213149168093828073858819828995188525154558854175897539141604396158655330494
65024501307578051800436119905390260558423325347096592348264457147032109316936
7514870497741151117854137849770199830821236004885071537608405187704160239957
9005858453756413487665891892337227826504190774559623375037073616981421115386
115565584621980425077154136543588152153235645225272699952008381221826970340591
113159788189109632272466505434883835311160805353661055537008739015104451112132
73027883154949749852098149033124820523780985461146490071472454602389067590167
98796804920673596940658514853411352736495455831194703810541318719820977473185
90819402238525772143870472418263221100683443638156215177301214794238809106643
61051392748415834886111879234673118286933648862947535600604979178897241042918
36920887959495900374498629060676457173068164378830745471060005989032636943927
28827116482082438365498723734176546662391777858133127507938040061574194944889
98167678657156452992713729886549119338436310482069949150668927847858734413343
71512180686470678903560393396506237775087156139504839125888205530430383253156
29211447910317793089757168915189960760643630876518900370305324096611384826833
68468903753295277606824928772507956265991236739695177320586629678575858162546
33525475861738495734400256792522835039752748909785682294300231028196349442307
68759164101653577697402825965565953980744570359954284654277928234315391101355
77524557461983723048670348358917016311343334333798399241747691717314664138809
7005016164899999576415399923603857715987355976246619264531537519041062622169
1669480685343548139164127269428496382989073378564926424629358932119022212836
22950768074691840811110336109932924991179883495754843055728824681337247465306
74569880200216919784565882291538870190136647470655412853336137568501534448112
78081881414611776038800978603308789112176585761785130114652169100442518750642
60706306586445486365138375863971153000799680986972103281129803756332086365937
20694999366245965304683148714966675599616196042686825570808941686615093372384
37619095690802676728752450088250498361454340781188635239776448958486010459336
112354456437218630928300306432335233360745880944752429458975522946196684542692
113024477330013518751089313925914851949637467115519062942513057578214200848264
62735086960693829478338898052756055273535443288860617347199858675556727632337
45690897802337449059967886310887099687713958869284516203828866138703009360848
89454779779150453186600344746481336901581779383206828675664979135892291076326
69274175620408057232460251527293435799386824265397303596156613288321931274441
114674691473945139368565150299858281147490740099442565321736109474254790081300
87754133972002473061691927549943683157587969617492083751465814932440690251169
65731672904716100578152622501344122668932273233758881985941780530774870122719
62639535939721226573589947409993718024756504843517248135997408673773616911910
65490754461597330381342396379506844458069442395120123139963743508257019487295
57838350646084042851087417281788221851510791935225606315072935853111341506180
63352447345762244207969023561911591319136838513042329023754811240975134883246
10819328486902130055123753224927524122123746495362246603063232868374889605335
87793280824121569546981538591927117077440317849653927431444520034504665765183
73485028822754186333479003546043906258053199301326692098864780612002589852731
81384274546724528746841919473755213816353027638780155562784954174414212586534
47596580645197241691269221609471262052480663822189526570796176263184972295802
54068483741816358374255940727134628205551652129779304980956779269147650661331
79747985465218769805815011380833528889155779159685400608776737389707677282507
71003723762240842076717052057916115805728421582198503976116010606893558206898
81290553700484963771478465421045761476605156279742556368859532294911865593337
82261365964409194643740941436028382260300050841320554340163217489842403019156
63168404942004795934005410247560283324118762316147261443137834833917731995183
70512833863034364333330117965098211044648566486600339561096799359822479339873
83416724454322516120964775440142539230807066687683687482777120000185922567305
52802467064023531392551886772918219030114128682421392406551876258123803475567
115409456006294452176042770354795229771763650987579050014410345959061006483395
60191602033678702375940724164100409748628266902690163455563465791344616022899
101873251752141183413081048739204813727292081197013586676074190360885035776212
18977665155027294916308384038387079024015611597640810887045319309411506755475
5239024684025577371348290472452403098350885686413831771447196741486240053500
14930293450857263857250932966967947607546289393797544693912588425799256215772
85345213718113571376855198819535189709241051209253290285291411202462159919683
63024946006915197132031839983298912716664617859466176484773179510274469317191
83191020425176792314650658578617062939672253717535733482811330511099883747802
105783892707073763458734405131976728500470476648667311791290702323199507542487
7370052802667247614317060244233867543851043427792291656385264157014872920763
106902091974526380875859464689359623944223231208727741630703132771203956381783
6215003750789346356072167281821027661017758314897400245871780029693537854599
94941131999148404510134875498598331725684629382537302566424095400738441004541
90242872604849496434132808051218374167700753959220790284924699198991541790044
105177910320938427069975030479556576619355987929503950147428894684338752437273
60893173790451908174666818413951952985806776501890454382236216082899017380476
104986381165628257741948658315887737836330603350234709085451105406719166406887
74240502120855585058505022507593548368672631307799361625919812812779215428816
103627762648915815121150250782715170674670658284957943132211608495845234150655
64708135592392349823195190100429627320080230048740330850595753347121908778297
21535590695624043775042514458928101810282290370913070773122698912828119137414
48795516247693737996456941819153892722917849063851771561762127190397166706886
40905801228279308861245077311437752714470976005497700240864830000967414115897
7469844981613546974440324595729352113397582672403293987203768460486962493901
69925246670834878183210128885573250951602322575913124933869772505392736618158
26488250453270974419914805189812382115024893707456205738691983077088892679916
106460078804930713037911735348842959910615779969766184371619847448387273016980
50293244127111940125827874317529909641722949196316808988388032586498185103943
1925662106361793280261677438345563995935784296612667760754779338562549939655
28083509100433983922784039262551165058885739092620891416418965808145839964793
16069566482869723637281883152340201063643504847360149202126265896115982986720
20149021749906897462482554763074075807002233716284713059111842665875503810018
52065425091123113009227124308793405950425938961980714954922934283048055082777
101696928030979151471924213342818811998316329271816674051781613083238850725891
39051734154764840682970884554796651563322782211534722216357235114314503922508
51973992216801155568159706890876908335789228136127765227439229240337070674717
97334606493010476392102177926776318567934110540101999587441068562351992365345
111642080772257366288049296217281591006889469900112399499985786941088086621738
49593583702443372990094210746521286418048597953035813846288385510635610124868
100048442482488572436882433713041449132489349241392234921259434855314208296757
47635787601484564522465911050489604303876991120881422350773387849467675149992
30890591355175322894534163849506866123126973777021487450073151218774638930357
94776662007520454152085429643708865833876749761190859709370724980270087101596
6537398035725922682061982410869223243746060509310850702655026452999975301516
115757122007542921493610952271801469219292050102035175079985785442912541046488
106965275822525125804504602932104071338610315264236414436899986916585921613603
13321210698462140637979660305561492574119213909202519060151025360678758983260
65153205719017547124088228366551043988839119524066190567514957383710601233293
60995494102948702997271098745155552131628003357105244409770199876396401621999
54578705358786215952498046075148244335471104203394177054659618527757101760337
95966951204379176029935094398815714298291012688467235117866283019973107888151
84521623722514124698983293635462078835000333199646198135322844647727919049458
69418294758924132922943696523841774301336068038182294261110837433839826842602
96967972744919558594562073258292565870469292341228300320414709873794066194008
41904107433455376985140435346909112351562803674816413467837438125435021914453
7439791905740646157003210844273059999094365302285996851592304655044834885860
40697566338275128580316922714554303548214678565073989518399413348930224386158
94709068276033716862787066736349469475494930128846839307272581990458938410661
45178763885997505049006661040358567263030028070814363915443639142121578625676
26264794641054861523746418348674029839041493606804063330420009254075314701766
58347967898333343224938523013399375315582383427003366077500202965555204685619
4676954072521158168465052650388303948394443690293332307723574773697347560797
87479530312509624835799012451824620814977881677110819847805044511209693468902
68473036870820986596188784695119812125245730363807262346823386714088693379698
13478399841223838144631280935094247538778802120551046545209668294876132292367
78194164094985253315680606314347735265094957826110061932944411874998461983539
79710690266541289151566893601767964772162926877394163847986645986457066139449
5138918760148667221192885720180377102877016498970948048437412577763971627372
66258334520167185467203435900331107997439190835161575210962785661198265428467
37584765417412440926402795345985783123008427675556253028840958936851911971160
62672931292916626509456198918903669298406088370654404517997575974012034329981
101502145493619064115475410250108528291892655042207132951999925599204129755761
92610703928789697230574961703456925292840000510309790404951056816781992022140
30466147474266541540214521198670081035736440924279192985270289243336724174891
14790198729309032553508725799843872301307770755802044615100665283380751977205
31759717358494452739710756897072429765384970199007004501868939508564690357326
5062539793097998253642207732432173925153902669403550271439205204128166882232
9425970336274081557976606472107242683127005575837520295593407300546031765520
69297323373952852867678756866570979276992199374134863205177846143467649525424
48275111574026885996637377153810804535299423220835940918323527782304116679281
26528265159394814885484051503705783335791548254549870013856982573962725855683
58994733226663632807354889767286795619925788224461640949778971735915463396798
42804899778461127308009997433886586381743566097000908728016168168183081516564
36486134728537880928892536695222006003014137418921517849287779867921075593068
78271451093523487734766061087993649020437836722995551072467510688790267433830
63792164481141808976772961555821619325072298269015273865410761580836178504802
27164566230592218558910286181378218680696841346324350478812499608644407506841
73605228064423408319353184276512458373835209067315923697598257726679704675582
79713382862740868626226132645927182507356860399755097245270050090459381395778
115474717344834019759055303333685437825495579132047381115679352969895597899844
36668591823860642922926508687837598800882038129165464990403646792592154185386
62109747017752817809186478177913652363381112279118454736804285444914352819881
86678258342760284954574657356734300430834358830689419953144008355954854277888
7897378846529954024095617885583887732756323890354412416916150800560876927463
62458707069358199298068115488668606298962312679693064812422528528462748634686
67864726203368049454793742916620953972581987985973898940988464934124294011963
75648913935266804692034104970532501558758652772632988918633285310381496587522
22713934573710322433851889987157514035582876990362260051535558801658394024909
1854695690277748197500469432740910211973850968440984518150533834145034824138
23020179228560759140583978181543628899045269460232393935470571742603564891737
57468304221942880500616036959497725269343813766606528057189725566237896985241
99050470432797954854262757070301899625948313064412813981242982532491557764554
43700906599757259856115411263996161067342652035072803314065719243555576160697
43338194935797478095007160878723907850854602697407030307971246890480232209400
64299594771805937235716661049292751061375975612320236063193227969374471240355
112286386065810404636699072958675092706860281192374564262676317883184431544970
49610875746515659173393053474154558308441291368452186533424948061845061173861
114827499535715973666437655211679626015965833345320404932530085374353080773461
32823652503714293552344028556346195968396929355000349471971386248176977524529
38087763706171608955244980834407228922219738136598647553144308099465718805848
81494225923147566303885085292478113156847516844787446759727295578926293887270
91518643256202402185730356785291130679974517526262263743374739411201787384467
55627004237020129388015774328644289510748147489029575350672627694179793149067
89376920115190136377882685134546242722416208371359742609984413175266228470879
24695614502265792975379124742220742904061815771724172202086043704532374140764
111821375268364384401907749041420193387873842177847390639854369707740806731068
4972484683698532831779603682629532008780434321885809209841336049268045319124
57271121505260402419575513970223021284126323761958601461746978663901346566067
17037954460610734020103375156436482921386431305786275159307911556428980234690
4768481839927388161932598924251026108007409810696835587684159442796941459951
22680764365878330998547461067473334228712788129523133382242718259306446462511
103920075530378052417267110068080318964057049068571052284546824186800156558749
109762120439858776828545968252849629155934876434804327372272873906235476698749
84616345187276809728496844332496767829102578584315180396747684065758666916744
111243698104381308414361869859164079015444935212543604083638576247972621479135
25940249651894328295776562081119239603985313673266704644533852364920916880499
66034612793093009626200260714568605690104650352217099763034698262455350452099
110018172909737589828217059740808391703281483201691649406022870890448954396185
69972744738736440731555479198520542780296963495245395220128783643420822276989
30396961333998736872446611855527751763287442128479999872655944935536482105669
5830117564805574069670174398359597982916144884344785942448180920087623181827
63907459213268927067423594924268402123705477216899130377462016254251925128542
101370424496130525656316704866350559717006572110032803422157766556647639433245
79169901139773681656836602354182360559365895835598967009417026000212310294219
23697336727770280402657034749299785607117128940673103607316107868806241215677
37545282680465091237055196524962578055742031545965222545514150596057419889004
55881323774257867918398495835259702338033011405185846947923206674711910817167
103741044246269629649356432224646371534098196867224574333513219723433580496242
78132700456257826703485548027270704835998747833822881336216579159717394429248
110599791709898538918513463802638438123301604095912944875031538241552621816156
13173229877673769851219386859340436563464634323172124475267564735670541660664
88333654069951603157802005899611725977088352323414535892074212280038416754686
74932270166335075269566475529885888590957089567541591821250592243438949621085
105045457913435894713240340194366042336092327615073480307568521237395904510143
113706812592140194638840721579598516897161641096696427578781098973022310090378
57613020044146009191230984083006643977315698831928816457436856014388745287858
47586573757165780822103632639524176357250308940811937589893232350986154936078
65010388927706542062654960401328271853283799186013984798459155883414172964752
64896043998668053285181095007239335054918111696774887760253117177188859845626
108359567662158878511896956621460879012203668882538597663095070964352463063187
27278883477040716231668582021351737196758483627680110137915868054259342393227
48752407946157073238526144977057557014054032350533645246090151646622967186292
11437216380734543593980815311071614061497451573142948690675860126107616301239
90544794399549817248869169740255108642125837837869049632498416580418490049624
85399277187789737860855491485732444984302920183557092558073889000891229363906
59444677673135176884204034718153272612428031842251294966997731274006230561440
54208149506987431981600530542936690634655436727251244401747160134171870208038
18805488857291414767425429106808793819114313176168218669430748828815609041466
1049185894597901710792667569253721224786400363347190573983536339709638885454
976366783189046568054195979099823957928898195799236373140691165260729114628
61223593507817172102973499634750916532827259026322663742441296816689164319515
26733888454440186639783499264418644899054641328909036633792441807408186781435
13130859601570612960429045140026613554328526201879976732197899035286990525613
89684903624847829506127124220809600040849827390580331341622000095651479125066
112715363581008436696128597029223095013726728317249569462748668269917042149251
30796816845708561609093571859544337730694858369232905891083683890759302992462
1296950882145913648008535224861566755262766638743784200057654670532525381632
41295345251542938279166428559229607061083711205285315533145183935864463463082
2139551827526004185012223274942737837346595150936344316197110597311870502771
53388186040995431699388019369005394431227546191538565907892328454757312197323
86921941794942866726228322042575423129751792343627218990749564529953705111681
19784964330029009621090551062283704077219011801069296692440408660183271940147
18312180650972931824761304164806512768351003968923358437498645625514010619752
81183067854251838017190015142959571253436375581833831824649510677725465234630
1523208707916602773557478616798898141445071705411586678533900009386531554234
33017107941421174298120955953167041183680165241019110860305458043777713327952
52247779223471347771229539933219055530386905027042641604656732198066397282109
695780859909105750946366354062422203596211250473191871828235561589397424144
45612248913410857772345893839036853964508170783950419322359364507638048777405
4822090165452525356688906972605472247680857947529514107050486806505247962825
88909147042744368223243587682589317912780897056365706648894136370831740023131
47766701613717406866206191534061820218835323306023876938238850081743822792712
70096960448245323976382191159377818893890884126361479881170576002938555339515
98318917154384380527942670167024526009722590421108407276802499397889324283942
66240637320239164956823087735837044524365020808121210152649891964984120704570
43965144768373557977466339644389403294383577693937892605481902745871587578156
11024297612919408736691811365237662066910997651550543956016417036657511528911
40963114855964309527493861824016736215155515315051391412743589074390579035834
12821426101729563835158909857499679806153592865021646756463187620228485871171
109902690552227725982562787649126490211267578007412143466446599351200999009585
30781334020072165317694817397024412824910503510038024182704452526081465826280
52883991635421581951067901503708963087109257288185993326446878482527292615230
11425108860914341319250982965131670630043772448741666968419888281200214285365
114458109077685263536984495970475965068548223329257520674395857857447028146100
50289297948110611149842162263339612419437004193585707314253597439059571616829
81927244967118458114899036482590611875513352403226258932511274760600442234568
3069518584288844154459606410753643398427918259523151082346200377187538936394
44308813809021199176731893083308044687570678031446106417833058168044818695191
11800242912758817974553521173877258112354715953495892813346994610073052217416
99483124612762346743820068314465662931688852623401167984947404155407144708742
83053310181648840899499220701468361448816439714294148459892884006973753036493
103737089202447649612580273027780983276171355786716234420260091263710685658923
49702983821446665434652164976538267762662651183505219477472811668820152084496
103215484627857724416666537816775493724362991491056132967711215166531747176075
82139042220460580736058848039223272426336584795637024898755212014957776653225
28612524829174303156309830403907841920341614467301365098514646900855005574429
76950580649046443666915959238954117123798788186524615394272228278154673811593
63660037013945210260570397099847602985140733122706283690998100610040695982149
100360376923809651793556988189606039819275484620980291509429169765011636288664
111154053032514195407699485892508004327889042719879615628397586602057241952698
636057904033844774792246400567698080448248321478166193497147934184680797007
54240413559258449724409079969003803606174183194625120004316537938575066193806
107737061011505683364538701768684678703941711518451878697225282800829077236571
41502035571981849908586091675113112039036729179866151107056450774112821731229
89677006702257671175499700438557905109149845216637928199284532385269296021850
21316921278426187052711279579978864432109653208994413540802148048973751283442
70623376448627585023326626411921030067008142367821658151558427962812195445660
4989605779664536734168074954660369294145234846315923801643980857503729858080
55797473116040062869961746805647099075977034546785623492850599805831333025127
87570378786431581897223851573158640798284931477687289940852354203095055058159
50787729622030793444139166681973437422968678314878217369224869353663220377993
41911262683781914929627135340458532533229369974810200394292849218874241017177
49949770142027232647054869413516347536666220841890302358499406851637690943156
27636961018432150103424185985265265463164894641974599371615450861068264640272
89603404197681735668960086453176917543493116722396200596462970106953462249175
90914981475909300608051378871512048932269319951835640925530749232681064699114
1545723145634360017595033673905272810285300257712409602005333519895917185859
105718869548140720703518606191624121717558136875200131038435283276976182209752
38788221975107529514629422086154607393635119201346585535740572632363929149559
60166240576606278023624350451083902728583939500849408885715296982777896084092
8070694292672998295991625526548907753470912609168396297213801514552825565011
21639802941846203786381961177157391573115232058746700735597348497336388641620
8835789524836148764372961545934119373151096490698091306014322696433969304604
3949052354964366042387541022234569151493768266108084182021446495824922130600
72009952542401319042339544783458051924667011707981186289779152571765598026407
92202488572764299061975165642272080658617288203151306598430351219142490459510
86967865650231985259268326978069089304383399240985230246805953093120072909258
63505917997943363706412746884006165070209416837081399266222550034952423423920
86895702296150508716440979512438347036415188771046704297223136402289812421908
63450128021247590922356419415195975258749169018979500681943391422199421790890
25328685913049110756360868135941530371653829906896112357053238394299127168943
63610520450690016200451443634868023059454895130621564543837851141947444202551
82839236144541310553891648166464191511080266908327113430001010690143024344390
38231007258548342532626127688657223763159955935666981368851260457507376632541
74718373333615722725572017770778555426456677628107594380215732523498165709424
114303832839869841222736533004074738228403971225974644293168916208667376279163
110032371353125194260933556466240622026848891744633404515372885064863877130259
12969835686751366461538581080701042812693913512897174901511446842473591225562
88537886658424305739630052576393962389878217070871263494937910463376124536401
46951460864851595544245141093902303036326489566753828338619504115547884259992
95252508453411223220194390414017044045228061065145152388399044732045921241148
66768293986499936429212781893722378236556301137304219607630403453294345547980
96252375746562746053426492133616941202147282208269807026215929047632372507793
60522556652904374219896669112344951368977537033931368261385549492408393512987
97120514940576493773072322263721760777328009427065424878881586612448719490071
57796243654755287443311118957245894492983774662690980016066543173242949661200
61435115704326121195074953206074550960459400657739548380006008502602762497892
49885468001022923848546003319141465016021670273410100974424368386591187102232
45680284772694489976390806054408002243899512350454257151678358317099998561390
46493802917596235687640087061665345847350776820827607295457252285445044327342
34758238486902385272266779608893032927669751460220650416970231714939591892815
7469454687545471383501284373714957579068662395507539827341374587504691758012
87545713539867756557490776764568552429006678338158282390201087623591812700411
10255499675794240591071538289169725391954917379897516926126445462062968704156
87169363970801347933215760476606777400667122233454557663323846515538460506644
59181485563603619012275492740229126461597234960239349270613362264385403905162
70650695276308893994807375044012582474223933138602583964632233974270798310058
31329944535769802636235228878844876207661213688373267584483418167140459069984
41444296284264063393812612737428079569393118557994159881887388023539001028963
61530006897023865217462253532035256023950362724944024133964881210755086776971
23424708337516961735118113512133480263607994810760441634319339256786481269446
39764615469798537591854722371588305909696989997109357015624429140527650629420
61636368805892604011696178077420558182714159481671187574947033721458358699151
83347128936419621981533344103738585202219963028955157850731774891499551926729
41105771306966285241718301435515727320782344340414511822683964504947872651885
115425835112342131356387504445995244581568314224845843500547915265903905322306
26024136072997727085283709721620408530375323891362977554033129785994617080229
101002042014858142668667129809288035802755746065615314046379585073154368494333
76775080945510870533362157880855887347267266121211952625614880288986235915699
102859037709579542554133597405273681788001058515956736236470691640082491937911
59805437563091249255360860263544749601183823983315098994986215615754024153194
107705627788988555499490411339533531225345707458252509096277834466047172163506
107677582086848690354282964136262916122053652511471744787344614239283772791409
77507641589125267231878344215704695896339419944871455331080288304587064375720
29851979301753303290828920721158771191738587061784321909977800847489185739400
55759143489390640994695172944483562118389571781633287158107643127208485803064
19527789922662928889743785862088715478543708567736868029446108148062573926970
115358971347407513381992892682980375623390906970237359366723925648956494655908
87254220134689939632418174066541300876368380899692898094016840384898732034096
74950528583713539329394168115371031428957010558214424541345051720902599007694
39643683659051704864877930533081282250244440702861882097783227818841048978720
6960066476660912011647496552701635456891673747175969950958488367782248019103
89794041043039380112124989699424952396794752647744101502137901300849650838385
49967021831054588183848252421647580069761017712519792394945129373079774860067
5165286093170932636906188250449661016525437304790084282183942131501048633959
51343822148396048157223921847244250979566165834943060319507560988173700859680
30721068616952273254174022180294572488147649077758131603765953599686290083371
14718465585846686600799063743478973531386916446528483512976041653707098481045
33135932733928634083366039749516097467156086936558861251353113457009295092973
2042487534010010425782177849124468469870093951296805656966572240970186102082
16417951059820496468151660708289314669766503715351076042385343600785140512446
44107320706313450151892228607106312897573521255987259543901356611543989089252
47881270841380048457308692995893713963549281709091227766800995771363362735837
23415397044463879146248164797798195420183826640214382771809161414250344079710
83141978384655490325110017016881184823347243916523720269239573962735023989701
37111081710275511947554055680859731237799764188841023910664724304731226483566
87713716581139620604523737070838553430579880839666870356857404431571255136169
79233808671498652814988632389475562950243882992208788684694566097321939942964
61783034541132862294410597318893631136360489549621947738965247736791737520863
1073995974460461068027772424004205145668276765471736503686676301124916974743
51530776083928824868228868783089244568028742118274422980394966994620500816106
95137529822927713644169343182270710545688591938355277802760784407709400701100
19333601340233068024028925722339875256883146151878106213153389469592212211626
46470901422998296133556689092890898923203730560412485811556685216872122784287
26562964830075596502247344982058179759835865697593816395288111966977357886544
80535526924435267178905846536068623271160560162657131169264005063513889003652
82449703946281903119442960649826646999838657822980184434062326272907789620502
25409657399956818304557136687309944996217706321654996044191277314634288780203
49978626000427326621975707399263605618096857987804600234909374257202212966384
85415818567526031115149292551203175858122954526463071769459413003481724631635
46121649046995370963777291235783548596644984343927866965461688597264069727445
196936070843968008824998020819451739170425639217936435841472714270754751245
70922758360636715338232579337755699092457905804558460169168771254148568582975
107467270691046824568709427987657776672558951043863865810905257168513877985615
101702577366605129627349087545992089792976623350551155957264684131329495181710
46681695905474893891010440679441590338359610903224914645506980775920604229021
71777170242138855662083348858038376189575031586206341135786849138913161486981
92126913631573161995208283109211853040075356921839407179683041630803738036091
81406741084849970196505391350443173676236752088264605607780880549303426852114
79288001029641538774980011623590225203514355429380832312995000251999702689811
26394000025664013646717914897700701031156274594438587525917322884529181685574
7713601408302117022362525656599011269226283734342001939643872843211381187901
66335610677801331549968930479519675466653544587940333401650237010585965590641
70957182405893913662302352965682544932767466339281367708488049130911654590415
50469408368731513846333469820523589259825145054961542829412485144458668546146
36826406881409999002547077769418430021604112548834164797218671092933160825104
6160755552092651730624914686863759887752140217812790132026283185236954112480
113918581968631712395136797360318974345642044130937669267211102698729120181053
104611439732574232951419589745419683828743991805874699521374572051063974750705
75543722141709071886792670726517092050282081480753982248769641841223061182599
82825069318856127764932886148770216916387872850069175265159476354638409294219
83087875239211511934370004340660814186711931823721545471437545493413467180837
51216203659243405109076727546431596127377097896014076337998449501543382581836
56867379946114228000868339062191671192513234377282379222247155128763357618063
104329037722620392759745826644944455835874955837664506177151380080111729340659
61290389388989687570352287337454403647623748669408383834753187558868376197790
100378625360748965464961122195573084418257847161618919350903028017103032777615
60333065516883958083511498548697546898732877970761867483257336174290115798156
103213110797275670301022421253600944631675053083305480045283413832280261416608
34820443240590579005307081729178096527212864130379814951833460684145354111041
26003622452159858421233184341178575987864448118734430865730067423901705308002
66381592528171594614888423212842106322635341972543614664224302789387046638976
44631545049987927217390937618769633250440633917672712285412992666665075154074
76299418272092291504958218122191530801479490199866221936659137708766953100875
43635014499056687268951584938686058976222878739894874471164314934815214853622
42102533224579363210263673848465527481656091486516844963961851947804671369742
97047128125235217370350197689304164569609790006238631599179033191256508608408
78655157201009038098401434141884412563394974957989212200579939123005750008383
5078216631657077990909682550291258021501225738942223013658677231360726761575
63034295535150876533271189193486102470215946958112858889784819478708515936614
16242343999235777356772407662131849023376935800526380002131530195962045664000
115747213070533923548317458125385590798338535111228318309393246793941035252730
39304045613834716619899164431342193366976930041574930220817079229938018435009
79931106004190878965234580354556482638949026148901639191142976294183988986227
45771731196989464945015376260937514399618542072062117570453535890066226270795
56771547063921539393261148212448377649465130812334628356901636835114493408496
66112447791115783037133026633736509842471622975852105926391867035173926394907
13339233156909031118813208331218052347520168106416301806752572683889583509548
3189501495759198581220159975289393584163280170267333307832696256473876024259
9505084658178919436787853581594998012198565074299554566057913577792255507663
20043831128477014983503314525440980496728901079583687682491645084651090785508
45605179859605083246624805768964671088167191315812024129670451800109313909740
62553211835949506318800648464159467359107232397991469978112617488262037806667
66952005922011989356773327220724087509398032183604193946820290541296946399277
109491515567444130845453820987184363016632054490114734238536589926535042837131
32602342390000859497154096210017399382204036954656502214378900520873825779310
27180585712602396540662944936791048210259598460020758942644466598869160274983
13752420356021869784184349081375421823706316753013499844372272575918168047275
42716077993038701376769082952078680635061229876663003520884821492929724240345
42853288707708562960488200880818797884820839920777446451473822691320846073975
7243729334586039329121953912097200139245583246812879887683662804189783850768
4240045931258448282411355471706862335933748612851584500437272686974540946433
38863701057691047017354479482026199420097609402359748747680326858453493379462
107820347284396093099144612081145097941344008608013370315880156176243168490365
58148951044725370291506156273440389113684678172765502328705190330354365137458
24197179337086896150014107641878165723192632680578047894560296371173684372430
88068575624533639672422822675441547807388428541399697442055042385463888142622
16428028389991571284870066631773050636491867147578172537978075433316291877794
96779670801609220002231106756348119863162508223987489893202368714855488252999
94545825874643230705841899082574692607630696103047667085245988948047955203849
92984109704915929148381661937128569970678442062533891478108154378959051972962
49278998339328430271169884921490346140601765058035900796812235641520490610163
63908846635503517806853841899012674369902333318690394925626109307506519590585
12924809359913916571849568090679607752544666026187313703206191415327375995544
78328611092434931405306000290034059371862888610491586458258497841218215695245
76899754801676616419539042302386000029458327701484957007697414939915150940613
61440487062562812376632246325871751885713405624352697848029003485004912661731
8762632342973157353743751720240771936989728595031160625450736890816220052648
70834949206749285239842620024769407325119857618204533450090047766354186074924
22182818457785524712714322502859090015883298080858754777179912445757268762855
21539132598841498895560953121992419515910637214793021399420958736066257684099
340003050326147030818797228701565648061085836795691126729474750977914635089
88202115555397012100711493860761144097838818897561933299541314327498323661397
18164159140535127227881736914822704148695865894917827973740627378168791122284
70278818264743497561924621306127440536050289605004330325370727513751424559600
11070822534256710359044591762489913047626749961005047328285927231672789024184
84654240151270009339739135786617857875490157451816208714346671063623830994894
84490760231856608897209314615331627749662498451134754110544940475595353334158
24970079663226729455284498523359628342417394658378615963797739535890358518390
47749815101385102949807225727625183722345215510201576509794384628464639024584
60689898603032715751807910437730857841782090072800844552512564006434547252040
8198084534204090513823738445308175892664978440537256967414565423584511783716
62754903199685667103676679637235764055356135456506348904813369611074442883383
91492655858601796532016372448534234358027631085294345984201533399157129928669
89169223663706114597014646737698936373642678009091312657350213971043888564717
54936590004437241566340097412741386007367535169280704853764961473270171584694
86008348252114189807664490460502873041472436762805182505627257478119151045247
6050098602521137491447483388677159127526921180845455889659151813797141800156
53578202045533259401310973401733481117684342029319236301969689023260920325054
50223180720364699575710503572736067565305729956823685412162203337428319797194
35620283154273319393849742799999433546179951579104084343439609993075574005508
102191407334985542842562244809147923948613709170141801922809361939070291475912
45191750431526135682780218361170122566047564871204545619638427074407111711872
59673140911349286005723118216157577089612994977218053460450315321113558474773
91703737676969884904844634731827259111646726024358559531456487642054004051519
26525552488104789513623841312633344209853836113508952885312210277579458205614
78365249437006311660707651671611938395875059691709829697023423057483351302553
83224513995834097254296837245723811566732751874271843896414930496007530975399
83948244518205855494799924566081357621339864466169155107980391099050368054873
101600372207910627195140139356538509153222046266429850435643796467283545112546
26649548825945535552556913794811114199263866049525103448609996941227219486113
7781924786691788753999957403853616641530350907223288222107272300608195342928
105177431281055964168277982481612233201804688469485591990453149958849296119308
43032917268839090522010714566123541422808682783519691545543691081200468178388
32363196251939655782225667143482063763623405248081424488703541361549345351016
89843494351933722429786840201792026919325406168987559542875772914380375459545
68149464806705482510381876369080350355305163927333590666095454167159200033997
35017683914105845454256274488138787013001019871838058898196654258351927440575
38219295459204161601044485301830615727995970886392483718760289470611457915371
7780875266736991331265129978244782004531255945252411076297021691827310859279
101541503239011457871877229257965372083039792364860706718898615069827982121449
72874744399256162892962707431827950734494721577577339775002827216473849856548
26726685574877096319879501548950747108167648849022551347174305558644860563766
72488887809245774924870318294156657043153348685465258669554851848561224591200
41344525525287017252385011860726668320085620236897951361472470738037912449103
96782371796256327601821888729312208679697054807372212764216815840140430257978
74376427843031692183876919405356036628945912189256882228552165005181141070022
105886348359955814982483087869157501758008062380534516697283599263766849596491
12708838438958269445240112105437170224944242759499933169240370025522315955628
53150758515288620651499012599034929615543398830655820098555440665387324517744
37373272983842152882757535000404153416201133181247163995315250770168204781417
108502011755521615679007398008066993284030227071878586740546629891200846365307
21747079510008134091458959082222836810462198736953396254104145061011582339257
19131330698844253411384765564595726358556853946672814397237017646295641308618
111230952204000608911030050223174433766097474684660189444347445564900779056447
42508339358874094398689665322700607512430658300114446994471627955904130038761
59385446449324787309569353771944432214651875805286254822836643270903173657486
10825342258114731331569771586292939774057951063364376824241405240888401625766
77526399095288441957685334397023336614248077552286133527636390765666467824694
58958670520029527782988004625854231598324635177032972559580594962489262578263
28797705609863250896830042110958956421331871754510161836494564763366354406020
40316128384182049261246304983975140901978503441473293313711807233283335709728
3863094492637473568258040709793060530142113919691330050329603918204899495637
44377631907334533042077796124209969329597994067553443527068154178816693699148
57378452550586040104808622648901215210024711220781568976934507791512317393693
30721813845962593185056115553079342231809028546682776569684529322659794065397
88306582270800266275448505191199769236374909229840640516987924954057650952610
71603812763379246688957207392089220689264343690518017523712251297893864116672
211599246103676713421154576774292538379930047138410139703009313614528806105
76857365890502789934453582837121070666042784039413112270441907638824464585241
30687331688548500348998359479371931827849582516869019833865348027835051935897
76015065363531584188592748912800504074359372962542673771337957047886087784814
94760147916079626660036546231451382649477425589320476299556188600162777798282
39653684128917565684078739831857450426678403009151394636003053544412805579231
51939910613192745766950815534660261865007393778898089568221704223630580553892
85738378187842810594997073541761261218686079612978832081771497994901260088068
45015178277972222843140169517043036949536852901354329907971826574738047122465
114306013847963677989552126510577357335360297087443573695586852160166172216708
53937323130345584570922657557985680711240080829984212355809695627046560832962
26068066234166296501630770343320953657528839276732040991849534947692374483666
66211361803522270950299499475911152655234835505179635558003575795701258400844
9318033452031041221091399971699712001179473972578290732393293338721820241569
90874782588292299441399118271749273582835879305897767116574978319114623089810
90644113568686124626824594451311999659176010242340422655575116772367526406366
85680136027613204055750974571335143574755234823139826515332639450543632816259
780880971730339138846681652855830985345202834756981066106636195394206647935
30360350149753543152698622360562582197367339950725240714972093297394309082584
94500174790434149392407240439496000675018704766817443344717326062606579014791
21467454880525016133581018779814854165539712203878453481221087930178477282904
34296621511627698384195244085512399179718547148975838515991462259663192798572
10125310499292720345605952969475065969731487620143683116169948469210564391157
43830854322682489889753500441660227319092051929023152214640300194456281704573
4366031486478761005262299644930668005165372479470425087521343653763377550791
113642125623965269529047350162380808587763152334890982244647729464028657798482
112374788613009452070278362567912404782292949659161842015759531971832909240623
93753107087607853742807321463852015596987723079984830105127061183967074243049
69190634171308269564516809668007982140809914905607122648052856086802813795347
69346561339244203601925826883905189295643919901689622670320850807777557359390
51799296868240335756749569066642216512093312063049094439398799926777301700901
18172609923198048217860292483205105561806063190614177201414662375674428689097
36097057961670785988793664173742630737244021201418099301869321289367643139863
37108075592175080570887910628765178520291630720359954193905842422234071790089
48194957727516076648354935344564292935184006391973829454141240029760244465932
1651480633431649724035028036791832297918537128395924818797671102948841880121
95178961547379598736919672296152018621073570354239567474207542585067936999771
38442089813449064817835056876185041896435920581866591182015295184335425115756
15143480598362813716580468482280732613345369581617860749696794781314851054553
60658885698777474232285596563483627220445683867274868053042003873384075679741
21821905549754217268775097038964883429522658463806989333246161089766842548280
60376969909866082013406285820997164238937930440478655809215944071700183730536
17256234498900007482518814441725430419048964045726941991129042342964450515620
90459391235143222021659059185297230981122199181149060522506982506386000961109
59212589461109978144091336718462408792586109780069709388010736771580017950606
103290728474684367348845784662527197814115312742212211184505304248565661867419
106862277195731440513624566090507205906561314661013744209082510694008627731983
99346268237496733768949344029109061126116877745849114449440901875433144513791
114781670268297765934779893100442792104057228692393910686878784674644916896885
14843919359630716305747526104509918263051081377766965195969173635783684186031
49471867750131959605459432249007554024902091311889686337541023256978257240301
8426365134654092991172074710342498550195027481231603492599132977321321830355
4359582304467650104272957976311766530261653668301654947065868428627740695900
93151600345517514631999121093160784827770637749315632434468753127825524114769
3589744060864101170988298278353031926938836508459404612930607736018819513464
110906723218195465516829665873217292560851687163657962665691506786135258944374
69886227299023486959690274499284304909947700826020192533063308616434408132917
31431842090497877488958282587649492232438041563297916035156579979524670382058
61159780090928879650369968260860238670113844336166965052454948104373509406223
112803510785819121853835706309118816434006177292176062214339715967122599749887
66564106530194760743569114279533201971576365911263552133749033330382979817183
63447727181708110774292359754134402940197170510574045374756404506737616079044
28459412573565213941957158876243282013244823766785395342701929590059408988670
53983062697329328293118821036594713877520348446547328852895247995165341803292
8720884704395004925953609473795116962780499810738834791807568305024575264652
87105392052743616958820663110376528371009593575744626132101396053324616843826
25379773914053557328826620551295294561550267919302353932315874542662262202551
42220517596897186103037877579786519947332052949912783982784769991871055299460
96981562299463204059553727843299539004520310611440895369354370552134795233935
20414090001819644223586642847499251539698132751989130110147858003979031485892
46656568317167510889104018770439321062547155689507857063174936352083736855883
109847677892987941106881987599871515839243292046424641292551788928631936686069
85266317926733759277649914622466588154567138316705166175877709707521917804794
75350132184097799253115007340248697046752532601341809523440765419434364728219
98171049696015248714640951920374448654562638309019449969084882831663458698228
84113819339249170031933284754459744105886910816881538251545542440602588016224
54930285421827660795401110301122339709556916657407684691694838431076294917311
25343378555203881059502392353543510751063116502212188863841305364669893651100
70517139037249238873263197422079604572545106371865161348830251733822315876362
19753385339109318159776635776299420889913645505947469128207463755502658990065
91839782400115168528207193148116872307671214607949270170680865156803449575062
71434647901346683420722449651047847178860592837658845098293472648211596696345
43472662369382363168310956001850705363470726847348970316042948600979158658900
86959993886402619773890473225180006395290106847866394116053022068909246270409
61607934227003072968187191836562393120011834865036120052436665418856896641722
101521564925623398424350298464576184562512989900877972350132606637890003797643
101066672734314975112681575567907154066805925981517194054137830350322010862028
34914641173782479320703680173276169398693439442556011772997754572224605022853
3198426058286732527501590796720570497359752612639457970764120370994076975348
19199231316993626155796519443209061189596480723829681319404231388006477915958
65171867962607000864569304608268022699452340251642560798978848717851727013232
82257811564334837291841503095358957484265468692177802592737821770950777303306
3205336346165865567970743120460984392289693485052747895480126939826509410431
83167200070247894988337343101419099743474010665673102399978325868631636036908
39027200863090309106222963714171567168630329290207985393883425674548330304365
87556464404435195082880584664699365661070636002366328898641155796837820111309
37726912577776218295233262633211545448262257119639629559845703599450104046042
10090411870347446426184646864102495243666220818115486957966866880721657153321
32185305076498458228089091937135605117221900883572733589003951275209152611378
25418623169334418987705475805878628012854551227373805678912521505135310833126
37574973558269578519911919955241228150676255920565665623215437080296165632715
25484814242427400078174594739886055241127050505615767102631238421816080015239
13904566240825037004164834483582383834846889179042807234611072584902112866267
71790386896687455999691571041148072143321921434889377465496089537306197277458
113056240209487914465358946228243818968780204124404917504403335784557227380602
30594318207746522889933496887324550672981976242545306346274490850899033352519
74112432653830038996305109038601808810750391294798836457680296602429608432951
51326934925630851124370002784989795399832325893212571499219036585493119861883
63238031443543255270377187067209020030348371747798480460423168367434643637146
18532209346997146245323901715171181137598042873465234151545325020130217208026
13119232491122861081312050834809050841778995423934304136937439619798005282208
1749465393562655196413445540172081616424877986706273127254673448307446224622
22731204113058689568828603781008384744574210718161179799933449643976448446326
104793190707675173529310306865297775242585439029831051381785861452601904665717
96028144692970268617342032001489579564133905998471884606882475904138400273301
111906264621195799137393690138456607022397676129053293297459375309119681782986
109271618714541968873544156680897650203269924277594742445930952805016542652945
21579406680051344388404385836003631112117906362596302026392344141695232041446
93053242231696825472786877451701473542416946737337453750532292442452839914708
27788923780956848774113432463414519393995326118847935937474282212133553783461
34840959650003260900097352897471974450257166551888852040168367665491445699963
100099436307797352089308362828032303893996446242634137834514214282169658019642
34255367640222295518678707666426380857289604967647313202894250129865707501302
35162024765042424280433587686152692169067188641249048777655585452529162888840
37386981055471632917066875677374719439028167331799302614489061831256598980352
2691827744023057651075119876046292580770480312328716577563751291055519296319
104762267390452507023084908088451049221499928430469117583286565430041932265561
96659783107400099757640030919216715737166142707943887979997340874881003390419
56109161953011480587920809435844098330423344478107216242199170443943964138117
11723009808300428105727874548982127199297845648042146905216542381784349278212
69070022794068064423363315536244937579639677552833918100700081658167986917118
25786624770794034422626906801395231196484425563940413392529278608079606103072
85051796533209756253064778397226250945307168609602967608762644739855254034784
93468058212382812989584599831447558845671811986952942235372222247704646002178
68006827384125132961097391625952109453902016093671489995686124633670379092764
42927110167834085053094621418205090705143424572266483992771074903748904968686
86077250331543862735719271289442146324239671026430550543424034431507967784170
22786102073905954822971259571991236763169354476191733896203138916660702710550
40478815190657256204849419445830689554534051705417989262272384666948547986472
111891850266897526681885199753673812808574659672416450924009317745356091814863
47582945165081049124409604783468626254060533015227431057609111484171055408920
44126181946813883460274310758978499020315554033455285176371703686158768012893
80105783277278706972502084269511529968903240805070661774163948177298401026261
18263989582398290391423976876790032054576123676760499879102191327582434074698
99978107575604402221014189905519222520203779260721239274390619179809457768363
50325240784757172817336202535597625041789758110519797655705357306039260201615
48625520401120625416594141798119762875935436129883415758934758498216091159317
62430135482139081591147112562188183300589036514544835027371389665518239197747
113067103932093991113141399723428073099325021284959645229440347272172611130995
109919490211529905324764326941561235393414645568603037508862101278616004485197
83432944886845956087805273984405818577493217084401649442319695830183839276686
22865649599537112789573573829009209612531474087389652600080072681157638697038
61010578405170890205235291990319441383097033586065947186940880820258337657617
112133434725352294839167935891883662141593517146592963168981767191743523433227
61786788271566947514463292545384247459710284368936828985699986484551622206076
54374524391410596043305045298660913856126323784075128444690005555217648551427
70245310337352827259265828066862003221397179465281780188281023331834566392800
62690942093412318949602606964911557943805430480022487490015637346929407520573
104314540980957883661727351583239367471624817559444345747700989270235522140078
73305641096304657527247670084293282518258378876548050589340103646583709403294
99805656540397363622509466663158476573259240906675155422943164634126016764250
85484214999387999616878823099839498401249732716754375865252688671268563561898
48956643286154583312002140685219005236682241299532132262207704336109510775458
23901365792469620211288595769482767366024513938103513629949559177082129213928
65887771832778020250126615718077844121692419037421393749233066871336255776783
27415392099589707995511792452114716452573917090998029674602225568578629076372
71844282729145600883004767898655708464251252056690937231923455998867629814224
37457008408696435944410376672264638356726220391573950754301280449021093556070
95855430362124415705229415955303017462110303078968105870038941239092229868168
79668982911848085030387199036529031312613722438180858907288447863447641154350
23175647219962439400413932752343415221910123255853913759957822239578002774011
14973813466836584463704357005496571410269347886902742333508067756498033610506
11614601751596509108296259163436865247175505282069438217729899252824601110009
76005499052344686852026165203304744988719928684648347039975715444237581230323
16004801792513447216820791497042168020002200063944434770674079180942161511940
483238992779710146685134042642270289722869525486640340328074210402728779137
37731889695496050670953255251615550975835032611944426366814055079510167497394
107995890158670617674326001702960060033956606328370519620600300425056406739895
107001709008514175535111191707528922690613913618864859566738195084989384516271
94162118716643224786262558232708704549224722931785348169029252651894516164699
1902737622333641996170517349121548849239312557769854742024020161412935539074
104025586756092411272462331111152918988429354270386025408134516634234132624276
76957999624117560416893261394343280094142863274255946236496597762071853205160
58310871124353497319483823532806344607624629867930046298874338882579083470373
18788432624148250194967852526320546546643712709952200589519346744405516954197
64631651484341764169870328119087833310215048591278809317429711718984865265242
36127164445412602671147019190506123670197223114743183114005367144977063438343
40485458075347148800571224799733136844352636164753287836775166000189117496910
71559493987093594870941041452531455100679568026079514501394935171245472096482
36075699815616080775075722221517874111108073361153177569467781785566227569393
108215022678677498403689013675478233163958249633044097407964335583952992418350
9472384247922376099981924118934134064553201358153076398539276104766992028732
78820165296784538592887827365968078681243201975795731090002674843993092980659
47490286495257939590394998272031491257877371318187088186063450743784534877373
37586657838296566634923045878816444125453888263571818751189069999920698743035
56364977275670018359645413842328444821985125094991780666692599327731287697775
900106403446042752548956629069448557298396545624695858984290085771434430146
65903923318956909912035065020968961606105644691492206305142186376218330636123
21765362777123455037335420404955850655488846633047312420011783120204131773245
106785734985950023930309457725077508789533786973265488276538001909069835814164
90121707096083433246358648568836798309796822238577331540300249496901831630746
63543298730835469702500020949894131277316985802917558119943881614458772445097
30229728581639367560503030362837466887263719821402465827397047405148506450836
27150605805643345639861679102711360934579658231833761521549322557372097181440
38302388226451859683211055621450813594199251337259298236290120827164125252019
29893718145726354850339270316392857522221558923699960449857004306271770645721
45303194250644382954261486111487147248880732548595122354530964682876363738181
79641203479557927579177754931819263832894640999974010121616424330150902579880
16525970699275339562216650529404565808016468322598781932034838436212278076061
72914481008658478190133732976405496524965727869207843019140733920081730695504
26380264523814919089082254788027945450340891785203975875461993077335442402845
6981150209554953799682204772646554726769883496940501598408250160679340111402
17595808785400252239908019715953215278935633274509084164999174436504086121869
104849452490263025771506907020813485693728438802926114361115981368421079002776
54053277294770501764148529321127622357534528131175811228314743748946434889730
56662655012419725458337469223577138136436972249953327905209520237924150261232
69190376618219708993320405583857058144798818190502917820551133619020014450036
16656004221742246370043909680580147425979658072079896009821271739478864333091
103732704396180616365976828418275794629258582616404942240448747154478570173003
86235145163918393865957934634645157341169207123036574570520360004720061713905
41558235589194906271602950989950916911104105929833577241530515036038454524823
92019907257874487763203532612131693302505471570331541421704596353244240652885
40816808767850078536743062739660325168074765906043726737558795046626456973797
63755560241651311453906313680735958816708686290307635814995824124941467295621
9334700719531275106279293076753659350717551221054167986914769717986484832457
46256778038660359109637489150414222654133700423922869419883856922883653549897
112808392909144744436602126707415905603421147142606664100399601509628811771394
45330559336338720569783152926796396922457208097835682227775736772669008137149
37784531036716750593232306143984493015919179535659502880789499207914560379957
71915019416433899568437850665433278196381150315849756890266318255389624665415
7872000300525640676026846084742533532810258920112906097793986383786035977243
2247649560607887546032914123532092716050876814975844157073080908487934102752
63191359426460803365201599344163543600613192139457114761185976297191780952550
38526874738630214216573102421383820516910430857670676564949600977107625323824
57206602932829070798457156132940619935466135801988522784738073433711129285042
99633368086057647937032079618865497334419385312324565083465315505286648757419
84674088873495131716129529325269914808735801905790981500479440443146245369347
51849280587152092280739675868322804952626658791707884517111557952064463431862
39314605761598310510123436812337063197572530036546834488713999148749901369923
40177848063178273886383995265704803970303079492613259770475324598086681379464
49309017149231233249469117493553588589517662475446488860265299486525982636977
105901207932914377280470722013647996875051815508525236531769493741804067816537
106067502441161035752855526743325613279419252511481381348446890233765060827308
78347210437633105357891051383134102960511185588395224957089597973050631304710
9818866049424320181251762598901224430622004586890148982408262267930477258055
100823796856523551446860170314282759131212275414684592559344381432406454878047
74177725800199502987633520227971726482906532904293054699328787020318219855265
98220691352124086362509663985070220950165311968248974606397860081289810345204
27488783356115222571935360036039104403137070880570954707093664825488030584318
19535117350638751964186398493076287618942934830858756131330687303521500493417
64079376633241510805049972737713571327078959789295747008336097008660847604075
18199130606789716890109282537290086525583560792471194885289334143281255834628
97984899236649764899369763984662546844216878867537319904940092679382668145954
75765099385129950502356251310290903913436472174376734068845278004742358201771
78839067891744144891605597309386013778877168988312282465303520229916722485693
111021752862468429588127924794376562649495007515618491412360568887519179065435
101976563388012039177836182363007266455586523970426989464833719201370568870958
35804282834165268454635192714785879350324499908411010279706052074890555371547
77685838071054983723200709140871558065754666829709029805429648444158397736926
45194590886752482863568886437791884185326553197258088163696968204260824682122
88928823793220926264232116962826298013453027157726240540037340703663864629600
43702117862815245158718726768324867962549950994038714404853678513594259847329
18710209081261097419201619380271582998833745432879718476789822478494733495346
86917940586603561032060510210007541363158328031090583057400387834537674790202
32566886320713494410217242325520088040023346062854687660755361465860206489212
94537500398846840202833763109021240446554072889437418864090271333774517777285
54614347466778208199425231992095982668946207065050257521245299944889797351946
41559682066638208148379210073801460509044381781137063595051327682574304481074
106086722055884982143323361230406029315780308863867517622105649346864918254804
42666456366188905349587411514425742989471955051536647070002140363567558565260
93009055217671232462209224463543799948377455460397683965812867702730540143633
67052539188586485651841156009869027655923218817864324573764734772362842302918
21135055339888943432281265736868740681204585582206880293842330225161242236664
60592957953409592951664469636974217097939224430587117785047462986358677119723
4576847694211718262064000240097280817910737532398730425390546193718071757969
83492266639597736921649120561831293846750368516300816949613482894020960418752
75592096612168219361705742174503735953007364743357684002386218050064014171018
36495560873858542394233915448517801135862753162225865886338843021927052142891
114008897073715180279165154578107437529616443871532859568943686670447713138431
113108890655900521831137624649360557768174014156192893400342775740302552214430
81171405919519060255925246731668557250256043398935949693728582871882800630067
78973092188537105816174336109341767846935976880502250781399773754665049744534
82543965860919655290570458713217429544399485473336423520885915691060064773899
15942710713539076223000297307190050207671801314574062069628182637311438228730
172451015431330808288614809498258778724541165456021051620939955156716866357
98698409314354734297713539540082802553359924984820391337746812400407625680742
51278993542315020490716388224501382348603579419568277847077626142233068791558
36711949603258771554418228747183204416837847832298222578484854118852795678201
74432026749145308071073288778134722065592864982727041327656230793500869297359
53885633635647318436345813321639121092550522122409001334845281636892523422312
45850598748231545437027726179573351704994601826085725267198770262928949316800
106020474994332036997179324701521785763742014080209554968930545932396939946434
3279667208620394583003127335866321155493159835912396431987084560401749463044
9166758336635017424882065877280965428911040014848171341986527626718821103223
14936946926022629473211618751150142071438138063025387705717216621360943558694
48340443299268361610987638418279090537455300016014549376904316667160534404736
5946834962610510285446771994208643653342710646472656850566518822141090573360
109458661701735577071899551002715167001059693540054275450304047852748510404348
38759955637889100046900782062190817469783188005220444267876512746251907381914
109607191731778103052379009839595123906903727767725427349390741142423265225789
57631497616046488515211157349503559896492027873653434682910183418776668120229
23107921987285893839461211737281968264491725423086544572777688201875743276752
59676350415126011776500446050176769440755292422330783184049675812916897858182
71165058946821284939787861762942929669259862847639089514221579397760105860873
80045973282541785118933512333153624618930082273625433818421191855530439827811
72724190871805596990960285009174227949908797736953122784285089210002546216783
15249528833372102408101780388465927667911673274710027467117046053985694936118
1999320008219217581065812754536137003581666518393894302523931188707279426031
43787661781273295086901122147804201644258486999954234243682778939011978590139
22142050022038649173181076981551351199809107567432502799035280291343601840353
22614754055792749271487684100494515242303469115264193168703073592581471066548
102761460094883366462072633598807098911344650000394305363444185809285590625918
44413533910042304753033915927499318222859792744711489917498446363903247338746
74286493730621454041606150408882983768715019001642539389665865086873642596621
39590165613352048387729855888178466802743009261008352683490996084478194857287
104521737425179542662670055104596288364705036701913494971449903435356560306898
68994573623585035871621749258836033985754072027875307816248518896814668974437
93761377063271846025045500162117135626471238698843861629546958506652064186732
74237152719433325392712144010409135112556243762654921135696594024791105812807
44684652980498818583567383495554079228792957514485675373779096707084703188762
112479605976227038526372107732603428760180316510924278932497111073512070531347
115375651943329151664939563132341091757886328579448079636419225119789998819199
103224518517183647983244313868176680333182714221978575965740017299225667735778
9611032250938541243956215992835648000092224137390062940632857616849953021611
52957334610808472832711371705139799789219030729509969987713028308873952957300
95599611061169654047543849917242998813667290188259358782367487857126404378913
27833474025816431372539533987484715566081780665419094356930382808427857495586
55385359476477831532431755875594103890123919535571174074143690245329777440950
105527585696264473015892500623184646869410024261396193506673117048768557103855
79423689265736062381791342825834494599389315246808842824143012433080887369059
45209908592849576999271484432903681831461340388681438887999404713851969576512
46333948576700920736066797113909041200315544827062154961574465434833101779268
42627472713612861028402649729940851347737677585255847892757271325107989356250
15374949360831180474524409221605644127750617259146227566407769237180649117849
83404319986090848234701477442297908094036598256655996022700504538660969456567
15434541892621435663755138455199085321082626377004482052734131219723019284812
10690919416127140042432319601777708870108782944887570997998941051005751140196
114409769223038088976533490004716964563911956643508838555848726751074589422229
107949494147188958792351650948676620676061526538454757516544144530235657500699
36379099978514152177432542480298602991265443680389383079035224836125006766296
92298662178673487325380357755636091640011081684232337549373247129135781375146
12743397430254274436514736474072882555999604021185539586530005073968533827243
34869385675465555735029408488758654899562440118078442147983677062574911799637
87561080880404609581840894032123337415168984227422211809429380157607102737597
78484696055526107535499502377156335294449452290366555408139344510009325833522
38307966060747045775884326381935863041558106224745634954254379817761717327106
4818524832217566986372232404174767409737749049609602130550446416734019326748
31515774760181674834094045404279631195352560597296093977212135413719946101770
58225116699268916868531882628222929803315798696176574514261057039638447754562
113390468448546778362908829017943117454800449797595394478363095964995721921183
51696023504043318014917890609640827490836816125206244292179271002322389516661
79103532443607298016098953374633437969878762253322089029111306033021051018837
23951430825576600710730554250158425446821188469996883951948753322650639673526
111956316201794911003425322963102120748318533880731340743373527470116476607415
71109189063198220557221755045268322544975584099827598101762930682713718380628
35527062412059563570204604901423239609951138672463521740849320945735426480674
