115792089237316195423570985008687907853269984665640564039457584007913129640423
32
1011
42867
2046003
104180595
5525051811
301313241507
16769766286563
947817918581715
54218540261340771
3131476036982569347
182286785555771466723
10680190003707069139635
629165753440742562911331
37235214926229278104581987
2212366513153158432630720483
131898742648360532510166974355
7887011427237296363096846971491
472838984486071391039197747823427
28412533217268414172866090644559843
1710765071436591449411804576456245875
103195176538835750786575500069529009251
6234990435935496934529963662081215077667
377267817230626996474482805432302895096803
22858145230722674118389839452259326250554195
1386618751820192869182119754593420417761792611
84207781593038701999723228709137484926753768707
5119013478096167327050203417931371347184467643363
311475406702940765956846673996437856824914440139315
18968512729160471075347992904642955856581668100969571
1156077296368570210158084204327791925888858707738360547
70511434701972187947333080977384632693090655732188311523
4303570257616396468349459603214478245365561931583247081235
