64
115792089237316195423570985008687907853269984665640564039457584007913129640423
68396325507555762507385788616829423761121360422102830908852997197496436291540
58740080194509147619522430555150882267860994563703508918980000432607094606965
46673894106044518908519879068836286731574961986153720861510749346147748567003
19349564771274538328251185391046521245940280653410303344672479792841723907931
36571876545410690120104398304944683457585489453811527694147839869629597019445
5283732359012276165313506707842583226922672673975941979670118827641793413101
17009580289504273470104444440565615675952586664090371500757759524599443083981
16026443406190233167534713469689982215454386660590055311332399348319496444808
114105966013647783217065205809829195600063078877052704761451375728948127278165
3652668995943679475914958926824730507443668055532411890679264484708087997063
100691848142656028827999408078027583110561460003088493577305413273543293879613
46975986598475225868366936955006092629370560283170730288230798644148815274046
49414866727336661776441418755230898538695877881673963829746478569670822058605
85364584602951231973935481219827998183263108314798312503766434498568794034972
8921123442124419954465603171305884052040613395363535260719907632285726119095
35526916247934556332994844810865492841580499291319210702505710193412291906517
10314423936143775008427621225099362763161402323482866427340829077227596355331
1601117150082662762263082529876717453146249649935004006474792135275202016619
88986277361050345192697124301951794511881048620872403975163296804339128512945
43395665088716464186376011981128206800266798245532348454492631034955382076543
80181964114424850053843285978259963989545832665951566242732207191216051379943
40371451300020379621865292934639913228207584076414787109330924940352678273906
35637761442270974516577406615098292474922711761145767086567112850245673278783
28725777475970896914764834654158780800607845344515915833503958490730073285159
82360592676652393725743553732707389830693556079163520305245888749627155876026
57680051082830349909794439282049850207628640368183947079881687092324459822781
45878287279989989030779046940663546161898112709580663485724652782614754697875
80841223232504675432733105454206852425922321791868122750385775872334857142674
108266588974647594027049261913558652490176643691211167988033360573529768522230
83293834257530217738193856420205937687471177826895350487408034098902277075611
97649690858905208572029935938377075721601196761869594978071678025248126117084
33392948612266958704150981298515200462902076950248881272962274368114387032769
42075856211341848058371774643649323472209014153113769106312776466587686512136
82892137214758753772960622010343942554534559962622122172499897488705415736651
39293705544963669481820758080644947233644646752738327601471738272862108982228
4680781745464593510313262714854859836371130490791001383754202730123365255428
86224709926774217168319574895433454222034780830514750201481069140242957095485
82519994554861658075159704946127849812432517219557353883874163466213856777346
59413701921660053889898187310241504249572068929136734378977009929274869492643
55654359299110781332330017158550841712634711883637923183528676757429402789254
36346656829622022515985377160446907662906233205656446067163415378845236681283
8387597066174824104984507750416088184374583234321028020080705092527925868527
112447856142763071685029396342645463097323805740513370292487628060511545870275
89576547886306452464255030880652307939376806710275213412173524949150367041756
90508998941411960030281585981971935596691248135917107579791722535886528936436
60632177065361368831021035261047615015369160631312827884660012727196557344613
104134698738003838842256539046781815857008459501485920975756502559611693445271
72723225221694273655875617131838321086200044707584249007805059126008297268058
114303868925154549986410523644751588219557866269484273274658679718596610729584
73054206983952054157560885074102321670349551174487649457399306234688483978749
69903571275444299815335299759913061071919599300496602084443771016541133260602
9284910350440134252820839674378420002943780096769619706486913120079682123497
48754319595024214721009211425787255969049033362138324503838059689865555292698
30486133745060728679370694079474800436930689852350796868994613814025741832557
96766342299765423393800066805052471206730615611382731432732478120052196181370
21470229910272116519716563673087586346411761488851877244205692788007740449450
510462849931650714331076377805355828610149072809356247963504479436047920235
11915495603915143113563982769862034885421447515850967838174935938301429640694
90967673483154842053558703267256221203868343196434772455039606971429298191945
85574366849441303773717476964939770355768714580298408501613515639250937777319
5470527684053877959876543309744605230870321466697132991265121897098473442198
15068004113350147591810113730284627249271008242989111800074411351031275681626
79887694622866724146946589265826365756885772074523452661982180791198893793011
50517049670062880525933999291968025740433165418237333809978479148895940892033
