64
115792089237316195423570985008687907853269984665640564039457584007913129640423
84194913417475906812780854080782251791837568503282075285721192800968667407877
39160053463006098413014953703433921511907329709135672612653333621738063071352
108310655562240476221393909385016129723229964434529523267312222236040585471659
90094436005727155834548113599822952732806843546033911589420042533836569032277
62978614109379191887926593872859091589480321191087873142584421249057441226478
80717214397552314392589661144353660720128438226411004012751801890369948702389
11339720193002848980069629627043743783968391109393581000505173016399628722693
49281658683232220586213470649355957428059585995606891554040794234850707510051
76070644009098522144710137206552797066708719251368469840967583819298751518814
79629838822173249932990629290341758907142435147448650620091232328414145091694
67127898761770685885332938718685055407040973335392329051536942182362195919778
108512050557194280861291947975796000321760363299207529551792255101374629943015
32943244484891107850960945836820599025797251921115975886497652379780548039105
56909723068634154649290320813218665455508738876532208335844289665712529356682
44544778707188345110834063783766558652450403818789211520299133090828193959571
62281973911061769363186891543472964512143661082759661814823001464912571151185
6876282624095850005618414150066241842107601548988577618227219384818397570253
1067411433388441841508721686584478302097499766623336004316528090183468011111
59324184907366896795131416201301196341254032413914935983442197869559419008661
67527806471583041265441002990314773817934527052235086982814282025941297931200
14857279663844501561371862315944006708607226888754189482002276791506324373184
26914300866680253081243528623093275485471722717609858072887283293568452182633
100953233786391446626765594415857466885461797617857554084016464572105868612832
96345244475524728225557213108564459102585220006770986581974361665762135283749
54907061784434929150495702488471593220462370719442346870163925833084770584044
115648093546764363555576949527158505373932416689216340746226180733491726308829
107780251011537456302900021299567636010112064916814151683454824527018589558891
53894148821669783621822070302804568283948214527912081833590517248223238095141
110775089062203794492556502945268404277874424016020966671841435051657555561652
16931859759248080017605575943907989173890790329383378978452828063297141503623
26502430826831407240162962289355414529977469619366208638895257347527707531271
99456691899722102751814644204802072210781374410592963541613238917351677782150
105245296965772028987961839768224820883652665879169555430513573649667210768394
16664061730733770707450086337333325751933045086534560101847403656499233944314
26195803696642446321213838720429964822429764501825551734314492181908072654839
80315247321853859289256165149028511793094076770954376948807857825357663263920
96080503030288209920070044933184938765779848775556688147473240762799681277150
16415966624135706908916141627855930590531683257824714576096914308171527971441
78206497693545434401122453209723638784138040841304677599137201288820956208587
37102906199407187554886678105700561141756474589091948789019117838286268526186
62828467632186746818513913109860574393027483692317818724594804921867867667679
82786457535660679685703661839402664025096378599974394706358859400294037005982
113562600507614112931209925897992944682639198715555768208144280042978740460339
59717698590870968309503353920434871959584537806850142274782349966100244694518
98936695706713371828044718990877259682217493645824926399680343026562062504445
1824088297802180746157028504469107392489445532328363909954147148826661682947
108020495571107957702694687700750513189095634556204135330323529709045505510334
48482150147796182437250411421225547390800029805056166005203372750672198178717
76202579283436366657607015763167725479705244179656182183105786479064407153067
87300167735073434579564251718964183731323029004871954318085398825763365865984
85199743929401598351413861509504676665703061088877922736115042013665132053885
83384666391837553117594549788710885237475843174940122497296331418661874509289
109697605888226940096386797622983442548212678685185925695530429131852456622089
97518815321584616068627786058775138860133783011994240605634798547959247648661
64510894866510282262533377870034980804487077074255154288488318746701464120920
14313486606848077679811042448725057564274507659234584829470461858671826966306
38937671645726498950744379254766206503496760937086425511794864322261741826970
46541026815048827216899650182803992541370959899114166571935818628171996307275
99242478734541959843562797181066783420335557019503369649845599316923908674775
18452214820522137374621322973730544286089148164985417654589815756862915304742
42244381535141317114441357209392372771670209199678276673995942600703358841609
87240062233777562010254065825981690068360661939086450559687996905962936881368
53258463081911149431297726177217577171257181383015635107988120527465929195342
72275396192480652158479661197541319778045438500705077219804847435235003808164
